triad,n_arr,n_bal,n_hier,n_tot,n_trans_bal,n_trans_hier,n_trans_tot,n_cyclic_bal,n_cyclic_hier,n_cyclic_tot,per_bal,per_hier,per_trans_bal,per_trans_hier,per_cyclic_bal,per_cyclic_hier,per_trans_bal_sep,per_cyclic_bal_sep,per_trans_hier_sep,per_cyclic_hier_sep,per_bal_sep,per_hier_sep
030C,"[0, 0, 0, 0, 0, 0, 0, 0, 3, 4, 5, 4]",8,9,16,0,0,0,8,9,16,0.5,0.5625,0.0,0.0,0.5,0.5625,NaN,0.5,NaN,0.5625,0.5,0.5625
111U,"[0, 0, 0, 0, 0, 0, 0, 0, 0, 0, 0, 0]",0,0,0,0,0,0,0,0,0,NaN,NaN,NaN,NaN,NaN,NaN,NaN,NaN,NaN,NaN,NaN,NaN
120D,"[42, 346, 7, 35, 9, 33, 18, 294, 0, 0, 0, 0]",307,353,392,307,353,784,0,0,0,0.7831632653061225,0.9005102040816326,0.7831632653061225,0.9005102040816326,0.0,0.0,0.8367346938775511,NaN,0.9489795918367347,NaN,0.8367346938775511,0.9489795918367347
120C,"[12, 15, 29, 21, 13, 8, 34, 90, 8, 62, 76, 76]",124,103,222,147,185,222,138,138,222,0.5585585585585585,0.46396396396396394,0.6621621621621622,0.8333333333333334,0.6216216216216216,0.6216216216216216,0.6621621621621622,0.6216216216216216,0.8333333333333334,0.6216216216216216,0.6418918918918919,0.7274774774774775
201,"[0, 0, 0, 0, 0, 0, 0, 0, 0, 0, 0, 0]",0,0,0,0,0,0,0,0,0,NaN,NaN,NaN,NaN,NaN,NaN,NaN,NaN,NaN,NaN,NaN,NaN
111D,"[0, 0, 0, 0, 0, 0, 0, 0, 0, 0, 0, 0]",0,0,0,0,0,0,0,0,0,NaN,NaN,NaN,NaN,NaN,NaN,NaN,NaN,NaN,NaN,NaN,NaN
210,"[33, 186, 114, 236, 99, 180, 224, 1304, 10, 131, 249, 402]",435,168,792,435,530,2376,533,380,792,0.5492424242424242,0.21212121212121213,0.5492424242424242,0.6691919191919192,0.672979797979798,0.4797979797979798,0.7167508417508418,0.672979797979798,0.8762626262626263,0.4797979797979798,0.7058080808080808,0.7771464646464646
003,"[0, 0, 0, 0, 0, 0, 0, 0, 0, 0, 0, 0]",0,0,0,0,0,0,0,0,0,NaN,NaN,NaN,NaN,NaN,NaN,NaN,NaN,NaN,NaN,NaN,NaN
012,"[0, 0, 0, 0, 0, 0, 0, 0, 0, 0, 0, 0]",0,0,0,0,0,0,0,0,0,NaN,NaN,NaN,NaN,NaN,NaN,NaN,NaN,NaN,NaN,NaN,NaN
021D,"[0, 0, 0, 0, 0, 0, 0, 0, 0, 0, 0, 0]",0,0,0,0,0,0,0,0,0,NaN,NaN,NaN,NaN,NaN,NaN,NaN,NaN,NaN,NaN,NaN,NaN
030T,"[65, 167, 29, 40, 26, 27, 57, 138, 0, 0, 0, 0]",360,493,549,360,493,549,0,0,0,0.6557377049180327,0.8979963570127505,0.6557377049180327,0.8979963570127505,0.0,0.0,0.6557377049180327,NaN,0.8979963570127505,NaN,0.6557377049180327,0.8979963570127505
021U,"[0, 0, 0, 0, 0, 0, 0, 0, 0, 0, 0, 0]",0,0,0,0,0,0,0,0,0,NaN,NaN,NaN,NaN,NaN,NaN,NaN,NaN,NaN,NaN,NaN,NaN
300,"[22, 76, 59, 227, 96, 190, 207, 1619, 4, 69, 234, 525]",231,31,416,231,250,2496,238,106,832,0.5552884615384616,0.07451923076923077,0.5552884615384616,0.6009615384615384,0.5721153846153846,0.2548076923076923,0.7411858974358975,0.7139423076923077,0.9002403846153846,0.3641826923076923,0.734375,0.7662259615384616
102,"[0, 0, 0, 0, 0, 0, 0, 0, 0, 0, 0, 0]",0,0,0,0,0,0,0,0,0,NaN,NaN,NaN,NaN,NaN,NaN,NaN,NaN,NaN,NaN,NaN,NaN
021C,"[0, 0, 0, 0, 0, 0, 0, 0, 0, 0, 0, 0]",0,0,0,0,0,0,0,0,0,NaN,NaN,NaN,NaN,NaN,NaN,NaN,NaN,NaN,NaN,NaN,NaN
120U,"[55, 72, 47, 73, 77, 120, 145, 511, 0, 0, 0, 0]",303,393,550,303,393,1100,0,0,0,0.5509090909090909,0.7145454545454546,0.5509090909090909,0.7145454545454546,0.0,0.0,0.6427272727272727,NaN,0.8481818181818181,NaN,0.6427272727272727,0.8481818181818181
