triad,n_arr,n_bal,n_hier,n_tot,n_trans_bal,n_trans_hier,n_trans_tot,n_cyclic_bal,n_cyclic_hier,n_cyclic_tot,per_bal,per_hier,per_trans_bal,per_trans_hier,per_cyclic_bal,per_cyclic_hier,per_trans_bal_sep,per_cyclic_bal_sep,per_trans_hier_sep,per_cyclic_hier_sep,per_bal_sep,per_hier_sep
030C,"[0, 0, 0, 0, 0, 0, 0, 0, 1, 6, 8, 8]",14,14,23,0,0,0,14,14,23,0.6086956521739131,0.6086956521739131,0.0,0.0,0.6086956521739131,0.6086956521739131,NaN,0.6086956521739131,NaN,0.6086956521739131,0.6086956521739131,0.6086956521739131
111U,"[0, 0, 0, 0, 0, 0, 0, 0, 0, 0, 0, 0]",0,0,0,0,0,0,0,0,0,NaN,NaN,NaN,NaN,NaN,NaN,NaN,NaN,NaN,NaN,NaN,NaN
120D,"[2, 76, 8, 59, 3, 64, 18, 392, 0, 0, 0, 0]",231,244,311,231,244,622,0,0,0,0.7427652733118971,0.7845659163987139,0.7427652733118971,0.7845659163987139,0.0,0.0,0.770096463022508,NaN,0.8842443729903537,NaN,0.770096463022508,0.8842443729903537
120C,"[3, 4, 21, 28, 2, 7, 43, 107, 2, 32, 79, 102]",126,86,215,134,187,215,134,111,215,0.586046511627907,0.4,0.6232558139534884,0.8697674418604651,0.6232558139534884,0.5162790697674419,0.6232558139534884,0.6232558139534884,0.8697674418604651,0.5162790697674419,0.6232558139534884,0.6930232558139535
201,"[0, 0, 0, 0, 0, 0, 0, 0, 0, 0, 0, 0]",0,0,0,0,0,0,0,0,0,NaN,NaN,NaN,NaN,NaN,NaN,NaN,NaN,NaN,NaN,NaN,NaN
111D,"[0, 0, 0, 0, 0, 0, 0, 0, 0, 0, 0, 0]",0,0,0,0,0,0,0,0,0,NaN,NaN,NaN,NaN,NaN,NaN,NaN,NaN,NaN,NaN,NaN,NaN
210,"[11, 56, 19, 79, 12, 76, 105, 1058, 0, 28, 101, 343]",339,57,472,339,380,1416,371,129,472,0.7182203389830508,0.12076271186440678,0.7182203389830508,0.8050847457627118,0.7860169491525424,0.2733050847457627,0.8086158192090396,0.7860169491525424,0.932909604519774,0.2733050847457627,0.8029661016949152,0.7680084745762712
003,"[0, 0, 0, 0, 0, 0, 0, 0, 0, 0, 0, 0]",0,0,0,0,0,0,0,0,0,NaN,NaN,NaN,NaN,NaN,NaN,NaN,NaN,NaN,NaN,NaN,NaN
012,"[0, 0, 0, 0, 0, 0, 0, 0, 0, 0, 0, 0]",0,0,0,0,0,0,0,0,0,NaN,NaN,NaN,NaN,NaN,NaN,NaN,NaN,NaN,NaN,NaN,NaN
021D,"[0, 0, 0, 0, 0, 0, 0, 0, 0, 0, 0, 0]",0,0,0,0,0,0,0,0,0,NaN,NaN,NaN,NaN,NaN,NaN,NaN,NaN,NaN,NaN,NaN,NaN
030T,"[32, 33, 18, 34, 42, 42, 77, 269, 0, 0, 0, 0]",362,487,547,362,487,547,0,0,0,0.6617915904936015,0.8903107861060329,0.6617915904936015,0.8903107861060329,0.0,0.0,0.6617915904936015,NaN,0.8903107861060329,NaN,0.6617915904936015,0.8903107861060329
021U,"[0, 0, 0, 0, 0, 0, 0, 0, 0, 0, 0, 0]",0,0,0,0,0,0,0,0,0,NaN,NaN,NaN,NaN,NaN,NaN,NaN,NaN,NaN,NaN,NaN,NaN
300,"[0, 10, 7, 38, 10, 35, 38, 1380, 0, 7, 41, 458]",217,3,253,217,217,1518,217,9,506,0.857707509881423,0.011857707509881422,0.857707509881423,0.857707509881423,0.857707509881423,0.03557312252964427,0.9268774703557312,0.9189723320158103,0.9723320158102767,0.09486166007905138,0.924901185770751,0.7529644268774703
102,"[0, 0, 0, 0, 0, 0, 0, 0, 0, 0, 0, 0]",0,0,0,0,0,0,0,0,0,NaN,NaN,NaN,NaN,NaN,NaN,NaN,NaN,NaN,NaN,NaN,NaN
021C,"[0, 0, 0, 0, 0, 0, 0, 0, 0, 0, 0, 0]",0,0,0,0,0,0,0,0,0,NaN,NaN,NaN,NaN,NaN,NaN,NaN,NaN,NaN,NaN,NaN,NaN
120U,"[7, 20, 4, 13, 59, 96, 112, 617, 0, 0, 0, 0]",337,364,464,337,364,928,0,0,0,0.7262931034482759,0.7844827586206896,0.7262931034482759,0.7844827586206896,0.0,0.0,0.7543103448275862,NaN,0.8922413793103449,NaN,0.7543103448275862,0.8922413793103449
