triad,n_arr,n_bal,n_hier,n_tot,n_trans_bal,n_trans_hier,n_trans_tot,n_cyclic_bal,n_cyclic_hier,n_cyclic_tot,per_bal,per_hier,per_trans_bal,per_trans_hier,per_cyclic_bal,per_cyclic_hier,per_trans_bal_sep,per_cyclic_bal_sep,per_trans_hier_sep,per_cyclic_hier_sep,per_bal_sep,per_hier_sep
030C,"[0, 0, 0, 0, 0, 0, 0, 0, 4, 21, 31, 13]",34,52,69,0,0,0,34,52,69,0.4927536231884058,0.7536231884057971,0.0,0.0,0.4927536231884058,0.7536231884057971,NaN,0.4927536231884058,NaN,0.7536231884057971,0.4927536231884058,0.7536231884057971
111U,"[0, 0, 0, 0, 0, 0, 0, 0, 0, 0, 0, 0]",0,0,0,0,0,0,0,0,0,NaN,NaN,NaN,NaN,NaN,NaN,NaN,NaN,NaN,NaN,NaN,NaN
120D,"[37, 307, 15, 91, 23, 83, 71, 503, 0, 0, 0, 0]",394,470,565,394,470,1130,0,0,0,0.6973451327433628,0.831858407079646,0.6973451327433628,0.831858407079646,0.0,0.0,0.7504424778761062,NaN,0.9132743362831859,NaN,0.7504424778761062,0.9132743362831859
120C,"[7, 29, 22, 48, 21, 11, 128, 192, 2, 69, 216, 171]",217,256,458,264,425,458,240,285,458,0.4737991266375546,0.5589519650655022,0.5764192139737991,0.9279475982532751,0.5240174672489083,0.6222707423580786,0.5764192139737991,0.5240174672489083,0.9279475982532751,0.6222707423580786,0.5502183406113537,0.7751091703056768
201,"[0, 0, 0, 0, 0, 0, 0, 0, 0, 0, 0, 0]",0,0,0,0,0,0,0,0,0,NaN,NaN,NaN,NaN,NaN,NaN,NaN,NaN,NaN,NaN,NaN,NaN
111D,"[0, 0, 0, 0, 0, 0, 0, 0, 0, 0, 0, 0]",0,0,0,0,0,0,0,0,0,NaN,NaN,NaN,NaN,NaN,NaN,NaN,NaN,NaN,NaN,NaN,NaN
210,"[28, 111, 52, 193, 69, 193, 302, 1932, 4, 72, 278, 606]",598,165,960,598,732,2880,678,350,960,0.6229166666666667,0.171875,0.6229166666666667,0.7625,0.70625,0.3645833333333333,0.7513888888888889,0.70625,0.9149305555555556,0.3645833333333333,0.7401041666666667,0.77734375
003,"[0, 0, 0, 0, 0, 0, 0, 0, 0, 0, 0, 0]",0,0,0,0,0,0,0,0,0,NaN,NaN,NaN,NaN,NaN,NaN,NaN,NaN,NaN,NaN,NaN,NaN
012,"[0, 0, 0, 0, 0, 0, 0, 0, 0, 0, 0, 0]",0,0,0,0,0,0,0,0,0,NaN,NaN,NaN,NaN,NaN,NaN,NaN,NaN,NaN,NaN,NaN,NaN
021D,"[0, 0, 0, 0, 0, 0, 0, 0, 0, 0, 0, 0]",0,0,0,0,0,0,0,0,0,NaN,NaN,NaN,NaN,NaN,NaN,NaN,NaN,NaN,NaN,NaN,NaN
030T,"[70, 181, 43, 160, 112, 71, 234, 669, 0, 0, 0, 0]",1005,1426,1540,1005,1426,1540,0,0,0,0.6525974025974026,0.925974025974026,0.6525974025974026,0.925974025974026,0.0,0.0,0.6525974025974026,NaN,0.925974025974026,NaN,0.6525974025974026,0.925974025974026
021U,"[0, 0, 0, 0, 0, 0, 0, 0, 0, 0, 0, 0]",0,0,0,0,0,0,0,0,0,NaN,NaN,NaN,NaN,NaN,NaN,NaN,NaN,NaN,NaN,NaN,NaN
300,"[19, 27, 17, 71, 23, 65, 75, 1449, 5, 21, 77, 479]",227,9,291,227,234,1746,230,32,582,0.7800687285223368,0.030927835051546393,0.7800687285223368,0.8041237113402062,0.7903780068728522,0.10996563573883161,0.868270332187858,0.8591065292096219,0.9530355097365406,0.16838487972508592,0.865979381443299,0.756872852233677
102,"[0, 0, 0, 0, 0, 0, 0, 0, 0, 0, 0, 0]",0,0,0,0,0,0,0,0,0,NaN,NaN,NaN,NaN,NaN,NaN,NaN,NaN,NaN,NaN,NaN,NaN
021C,"[0, 0, 0, 0, 0, 0, 0, 0, 0, 0, 0, 0]",0,0,0,0,0,0,0,0,0,NaN,NaN,NaN,NaN,NaN,NaN,NaN,NaN,NaN,NaN,NaN,NaN
120U,"[9, 48, 14, 63, 127, 120, 154, 1309, 0, 0, 0, 0]",701,790,922,701,790,1844,0,0,0,0.7603036876355749,0.8568329718004338,0.7603036876355749,0.8568329718004338,0.0,0.0,0.8123644251626898,NaN,0.9273318872017353,NaN,0.8123644251626898,0.9273318872017353
