triad,n_arr,n_bal,n_hier,n_tot,n_trans_bal,n_trans_hier,n_trans_tot,n_cyclic_bal,n_cyclic_hier,n_cyclic_tot,per_bal,per_hier,per_trans_bal,per_trans_hier,per_cyclic_bal,per_cyclic_hier,per_trans_bal_sep,per_cyclic_bal_sep,per_trans_hier_sep,per_cyclic_hier_sep,per_bal_sep,per_hier_sep
030C,"[0, 0, 0, 0, 0, 0, 0, 0, 0, 19, 44, 31]",50,63,94,0,0,0,50,63,94,0.5319148936170213,0.6702127659574468,0.0,0.0,0.5319148936170213,0.6702127659574468,NaN,0.5319148936170213,NaN,0.6702127659574468,0.5319148936170213,0.6702127659574468
111U,"[0, 0, 0, 0, 0, 0, 0, 0, 0, 0, 0, 0]",0,0,0,0,0,0,0,0,0,NaN,NaN,NaN,NaN,NaN,NaN,NaN,NaN,NaN,NaN,NaN,NaN
120D,"[27, 115, 10, 48, 18, 40, 54, 740, 0, 0, 0, 0]",429,476,526,429,476,1052,0,0,0,0.8155893536121673,0.9049429657794676,0.8155893536121673,0.9049429657794676,0.0,0.0,0.8393536121673004,NaN,0.9524714828897338,NaN,0.8393536121673004,0.9524714828897338
120C,"[2, 5, 16, 55, 15, 8, 79, 221, 1, 35, 159, 206]",234,170,401,257,377,401,241,194,401,0.5835411471321695,0.4239401496259352,0.6408977556109726,0.940149625935162,0.600997506234414,0.4837905236907731,0.6408977556109726,0.600997506234414,0.940149625935162,0.4837905236907731,0.6209476309226932,0.7119700748129676
201,"[0, 0, 0, 0, 0, 0, 0, 0, 0, 0, 0, 0]",0,0,0,0,0,0,0,0,0,NaN,NaN,NaN,NaN,NaN,NaN,NaN,NaN,NaN,NaN,NaN,NaN
111D,"[0, 0, 0, 0, 0, 0, 0, 0, 0, 0, 0, 0]",0,0,0,0,0,0,0,0,0,NaN,NaN,NaN,NaN,NaN,NaN,NaN,NaN,NaN,NaN,NaN,NaN
210,"[12, 56, 40, 82, 43, 75, 103, 1755, 3, 43, 107, 569]",592,52,722,592,609,2166,612,150,722,0.8199445983379502,0.07202216066481995,0.8199445983379502,0.8434903047091413,0.8476454293628809,0.2077562326869806,0.8744228993536473,0.8476454293628809,0.9469067405355494,0.2077562326869806,0.8677285318559557,0.7621191135734072
003,"[0, 0, 0, 0, 0, 0, 0, 0, 0, 0, 0, 0]",0,0,0,0,0,0,0,0,0,NaN,NaN,NaN,NaN,NaN,NaN,NaN,NaN,NaN,NaN,NaN,NaN
012,"[0, 0, 0, 0, 0, 0, 0, 0, 0, 0, 0, 0]",0,0,0,0,0,0,0,0,0,NaN,NaN,NaN,NaN,NaN,NaN,NaN,NaN,NaN,NaN,NaN,NaN
021D,"[0, 0, 0, 0, 0, 0, 0, 0, 0, 0, 0, 0]",0,0,0,0,0,0,0,0,0,NaN,NaN,NaN,NaN,NaN,NaN,NaN,NaN,NaN,NaN,NaN,NaN
030T,"[29, 121, 29, 86, 87, 50, 171, 753, 0, 0, 0, 0]",990,1247,1326,990,1247,1326,0,0,0,0.746606334841629,0.9404223227752639,0.746606334841629,0.9404223227752639,0.0,0.0,0.746606334841629,NaN,0.9404223227752639,NaN,0.746606334841629,0.9404223227752639
021U,"[0, 0, 0, 0, 0, 0, 0, 0, 0, 0, 0, 0]",0,0,0,0,0,0,0,0,0,NaN,NaN,NaN,NaN,NaN,NaN,NaN,NaN,NaN,NaN,NaN,NaN
300,"[0, 20, 19, 34, 28, 25, 26, 1186, 0, 19, 35, 392]",198,6,223,198,195,1338,199,20,446,0.8878923766816144,0.026905829596412557,0.8878923766816144,0.874439461883408,0.8923766816143498,0.08968609865470852,0.9364723467862481,0.92152466367713,0.9671150971599403,0.1210762331838565,0.9327354260089686,0.7556053811659192
102,"[0, 0, 0, 0, 0, 0, 0, 0, 0, 0, 0, 0]",0,0,0,0,0,0,0,0,0,NaN,NaN,NaN,NaN,NaN,NaN,NaN,NaN,NaN,NaN,NaN,NaN
021C,"[0, 0, 0, 0, 0, 0, 0, 0, 0, 0, 0, 0]",0,0,0,0,0,0,0,0,0,NaN,NaN,NaN,NaN,NaN,NaN,NaN,NaN,NaN,NaN,NaN,NaN
120U,"[0, 20, 10, 38, 58, 92, 102, 1132, 0, 0, 0, 0]",591,625,726,591,625,1452,0,0,0,0.8140495867768595,0.8608815426997245,0.8140495867768595,0.8608815426997245,0.0,0.0,0.8402203856749312,NaN,0.9297520661157025,NaN,0.8402203856749312,0.9297520661157025
