triad,n_arr,n_bal,n_hier,n_tot,n_trans_bal,n_trans_hier,n_trans_tot,n_cyclic_bal,n_cyclic_hier,n_cyclic_tot,per_bal,per_hier,per_trans_bal,per_trans_hier,per_cyclic_bal,per_cyclic_hier,per_trans_bal_sep,per_cyclic_bal_sep,per_trans_hier_sep,per_cyclic_hier_sep,per_bal_sep,per_hier_sep
030C,"[0, 0, 0, 0, 0, 0, 0, 0, 1, 4, 5, 0]",4,9,10,0,0,0,4,9,10,0.4,0.9,0.0,0.0,0.4,0.9,NaN,0.4,NaN,0.9,0.4,0.9
111U,"[0, 0, 0, 0, 0, 0, 0, 0, 0, 0, 0, 0]",0,0,0,0,0,0,0,0,0,NaN,NaN,NaN,NaN,NaN,NaN,NaN,NaN,NaN,NaN,NaN,NaN
120D,"[4, 30, 3, 9, 5, 7, 5, 101, 0, 0, 0, 0]",67,72,82,67,72,164,0,0,0,0.8170731707317073,0.8780487804878049,0.8170731707317073,0.8780487804878049,0.0,0.0,0.8475609756097561,NaN,0.9390243902439024,NaN,0.8475609756097561,0.9390243902439024
120C,"[1, 4, 0, 14, 5, 9, 4, 25, 1, 9, 40, 12]",21,40,62,34,53,62,21,49,62,0.3387096774193548,0.6451612903225806,0.5483870967741935,0.8548387096774194,0.3387096774193548,0.7903225806451613,0.5483870967741935,0.3387096774193548,0.8548387096774194,0.7903225806451613,0.4435483870967742,0.8225806451612903
201,"[0, 0, 0, 0, 0, 0, 0, 0, 0, 0, 0, 0]",0,0,0,0,0,0,0,0,0,NaN,NaN,NaN,NaN,NaN,NaN,NaN,NaN,NaN,NaN,NaN,NaN
111D,"[0, 0, 0, 0, 0, 0, 0, 0, 0, 0, 0, 0]",0,0,0,0,0,0,0,0,0,NaN,NaN,NaN,NaN,NaN,NaN,NaN,NaN,NaN,NaN,NaN,NaN
210,"[12, 15, 15, 38, 33, 17, 26, 201, 2, 23, 37, 57]",70,30,119,70,89,357,80,60,119,0.5882352941176471,0.25210084033613445,0.5882352941176471,0.7478991596638656,0.6722689075630253,0.5042016806722689,0.7394957983193278,0.6722689075630253,0.9103641456582633,0.5042016806722689,0.7226890756302521,0.8088235294117647
003,"[0, 0, 0, 0, 0, 0, 0, 0, 0, 0, 0, 0]",0,0,0,0,0,0,0,0,0,NaN,NaN,NaN,NaN,NaN,NaN,NaN,NaN,NaN,NaN,NaN,NaN
012,"[0, 0, 0, 0, 0, 0, 0, 0, 0, 0, 0, 0]",0,0,0,0,0,0,0,0,0,NaN,NaN,NaN,NaN,NaN,NaN,NaN,NaN,NaN,NaN,NaN,NaN
021D,"[0, 0, 0, 0, 0, 0, 0, 0, 0, 0, 0, 0]",0,0,0,0,0,0,0,0,0,NaN,NaN,NaN,NaN,NaN,NaN,NaN,NaN,NaN,NaN,NaN,NaN
030T,"[5, 18, 5, 11, 5, 2, 22, 71, 0, 0, 0, 0]",99,132,139,99,132,139,0,0,0,0.7122302158273381,0.9496402877697842,0.7122302158273381,0.9496402877697842,0.0,0.0,0.7122302158273381,NaN,0.9496402877697842,NaN,0.7122302158273381,0.9496402877697842
021U,"[0, 0, 0, 0, 0, 0, 0, 0, 0, 0, 0, 0]",0,0,0,0,0,0,0,0,0,NaN,NaN,NaN,NaN,NaN,NaN,NaN,NaN,NaN,NaN,NaN,NaN
300,"[2, 0, 0, 11, 4, 7, 7, 179, 0, 2, 9, 59]",29,2,35,29,31,210,30,5,70,0.8285714285714286,0.05714285714285714,0.8285714285714286,0.8857142857142857,0.8571428571428571,0.14285714285714285,0.8714285714285714,0.8714285714285714,0.9666666666666667,0.15714285714285714,0.8714285714285714,0.7642857142857142
102,"[0, 0, 0, 0, 0, 0, 0, 0, 0, 0, 0, 0]",0,0,0,0,0,0,0,0,0,NaN,NaN,NaN,NaN,NaN,NaN,NaN,NaN,NaN,NaN,NaN,NaN
021C,"[0, 0, 0, 0, 0, 0, 0, 0, 0, 0, 0, 0]",0,0,0,0,0,0,0,0,0,NaN,NaN,NaN,NaN,NaN,NaN,NaN,NaN,NaN,NaN,NaN,NaN
120U,"[2, 12, 5, 30, 10, 13, 20, 132, 0, 0, 0, 0]",71,95,112,71,95,224,0,0,0,0.6339285714285714,0.8482142857142857,0.6339285714285714,0.8482142857142857,0.0,0.0,0.7098214285714286,NaN,0.9196428571428571,NaN,0.7098214285714286,0.9196428571428571
