triad,n_arr,n_bal,n_hier,n_tot,n_trans_bal,n_trans_hier,n_trans_tot,n_cyclic_bal,n_cyclic_hier,n_cyclic_tot,per_bal,per_hier,per_trans_bal,per_trans_hier,per_cyclic_bal,per_cyclic_hier,per_trans_bal_sep,per_cyclic_bal_sep,per_trans_hier_sep,per_cyclic_hier_sep,per_bal_sep,per_hier_sep
030C,"[0, 0, 0, 0, 0, 0, 0, 0, 0, 15, 24, 8]",23,39,47,0,0,0,23,39,47,0.48936170212765956,0.8297872340425532,0.0,0.0,0.48936170212765956,0.8297872340425532,NaN,0.48936170212765956,NaN,0.8297872340425532,0.48936170212765956,0.8297872340425532
111U,"[0, 0, 0, 0, 0, 0, 0, 0, 0, 0, 0, 0]",0,0,0,0,0,0,0,0,0,NaN,NaN,NaN,NaN,NaN,NaN,NaN,NaN,NaN,NaN,NaN,NaN
120D,"[82, 910, 18, 78, 20, 76, 13, 325, 0, 0, 0, 0]",620,669,761,620,669,1522,0,0,0,0.8147174770039421,0.8791064388961892,0.8147174770039421,0.8791064388961892,0.0,0.0,0.8363994743758213,NaN,0.938239159001314,NaN,0.8363994743758213,0.938239159001314
120C,"[1, 12, 41, 59, 7, 6, 36, 82, 3, 60, 103, 78]",130,121,244,142,197,244,138,163,244,0.5327868852459017,0.4959016393442623,0.5819672131147541,0.8073770491803278,0.5655737704918032,0.6680327868852459,0.5819672131147541,0.5655737704918032,0.8073770491803278,0.6680327868852459,0.5737704918032787,0.7377049180327868
201,"[0, 0, 0, 0, 0, 0, 0, 0, 0, 0, 0, 0]",0,0,0,0,0,0,0,0,0,NaN,NaN,NaN,NaN,NaN,NaN,NaN,NaN,NaN,NaN,NaN,NaN
111D,"[0, 0, 0, 0, 0, 0, 0, 0, 0, 0, 0, 0]",0,0,0,0,0,0,0,0,0,NaN,NaN,NaN,NaN,NaN,NaN,NaN,NaN,NaN,NaN,NaN,NaN
210,"[19, 75, 74, 153, 78, 132, 161, 1564, 3, 81, 178, 490]",525,92,752,525,565,2256,571,259,752,0.6981382978723404,0.12234042553191489,0.6981382978723404,0.7513297872340425,0.7593085106382979,0.34441489361702127,0.7938829787234043,0.7593085106382979,0.9086879432624113,0.34441489361702127,0.7852393617021277,0.7676196808510638
003,"[0, 0, 0, 0, 0, 0, 0, 0, 0, 0, 0, 0]",0,0,0,0,0,0,0,0,0,NaN,NaN,NaN,NaN,NaN,NaN,NaN,NaN,NaN,NaN,NaN,NaN
012,"[0, 0, 0, 0, 0, 0, 0, 0, 0, 0, 0, 0]",0,0,0,0,0,0,0,0,0,NaN,NaN,NaN,NaN,NaN,NaN,NaN,NaN,NaN,NaN,NaN,NaN
021D,"[0, 0, 0, 0, 0, 0, 0, 0, 0, 0, 0, 0]",0,0,0,0,0,0,0,0,0,NaN,NaN,NaN,NaN,NaN,NaN,NaN,NaN,NaN,NaN,NaN,NaN
030T,"[156, 295, 33, 74, 158, 70, 51, 172, 0, 0, 0, 0]",658,906,1009,658,906,1009,0,0,0,0.6521308225966304,0.8979187314172448,0.6521308225966304,0.8979187314172448,0.0,0.0,0.6521308225966304,NaN,0.8979187314172448,NaN,0.6521308225966304,0.8979187314172448
021U,"[0, 0, 0, 0, 0, 0, 0, 0, 0, 0, 0, 0]",0,0,0,0,0,0,0,0,0,NaN,NaN,NaN,NaN,NaN,NaN,NaN,NaN,NaN,NaN,NaN,NaN
300,"[5, 25, 17, 59, 23, 53, 61, 2715, 1, 19, 65, 901]",435,8,493,435,437,2958,437,20,986,0.8823529411764706,0.016227180527383367,0.8823529411764706,0.8864097363083164,0.8864097363083164,0.04056795131845842,0.9398242055442867,0.9330628803245437,0.9763353617308993,0.08519269776876268,0.9381338742393509,0.7535496957403651
102,"[0, 0, 0, 0, 0, 0, 0, 0, 0, 0, 0, 0]",0,0,0,0,0,0,0,0,0,NaN,NaN,NaN,NaN,NaN,NaN,NaN,NaN,NaN,NaN,NaN,NaN
021C,"[0, 0, 0, 0, 0, 0, 0, 0, 0, 0, 0, 0]",0,0,0,0,0,0,0,0,0,NaN,NaN,NaN,NaN,NaN,NaN,NaN,NaN,NaN,NaN,NaN,NaN
120U,"[11, 21, 9, 19, 409, 135, 147, 711, 0, 0, 0, 0]",555,589,731,555,589,1462,0,0,0,0.759233926128591,0.8057455540355677,0.759233926128591,0.8057455540355677,0.0,0.0,0.786593707250342,NaN,0.9015047879616963,NaN,0.786593707250342,0.9015047879616963
