triad,n_arr,n_bal,n_hier,n_tot,n_trans_bal,n_trans_hier,n_trans_tot,n_cyclic_bal,n_cyclic_hier,n_cyclic_tot,per_bal,per_hier,per_trans_bal,per_trans_hier,per_cyclic_bal,per_cyclic_hier,per_trans_bal_sep,per_cyclic_bal_sep,per_trans_hier_sep,per_cyclic_hier_sep,per_bal_sep,per_hier_sep
030C,"[0, 0, 0, 0, 0, 0, 0, 0, 22, 128, 175, 87]",215,303,412,0,0,0,215,303,412,0.5218446601941747,0.7354368932038835,0.0,0.0,0.5218446601941747,0.7354368932038835,NaN,0.5218446601941747,NaN,0.7354368932038835,0.5218446601941747,0.7354368932038835
111U,"[0, 0, 0, 0, 0, 0, 0, 0, 0, 0, 0, 0]",0,0,0,0,0,0,0,0,0,NaN,NaN,NaN,NaN,NaN,NaN,NaN,NaN,NaN,NaN,NaN,NaN
120D,"[289, 1575, 78, 306, 89, 295, 293, 2245, 0, 0, 0, 0]",1910,2224,2585,1910,2224,5170,0,0,0,0.7388781431334622,0.860348162475822,0.7388781431334622,0.860348162475822,0.0,0.0,0.7711798839458414,NaN,0.927852998065764,NaN,0.7711798839458414,0.927852998065764
120C,"[110, 153, 225, 277, 56, 48, 400, 755, 57, 472, 819, 676]",1039,1025,2024,1189,1751,2024,1148,1291,2024,0.5133399209486166,0.5064229249011858,0.5874505928853755,0.8651185770750988,0.567193675889328,0.6378458498023716,0.5874505928853755,0.567193675889328,0.8651185770750989,0.6378458498023716,0.5773221343873518,0.7514822134387351
201,"[0, 0, 0, 0, 0, 0, 0, 0, 0, 0, 0, 0]",0,0,0,0,0,0,0,0,0,NaN,NaN,NaN,NaN,NaN,NaN,NaN,NaN,NaN,NaN,NaN,NaN
111D,"[0, 0, 0, 0, 0, 0, 0, 0, 0, 0, 0, 0]",0,0,0,0,0,0,0,0,0,NaN,NaN,NaN,NaN,NaN,NaN,NaN,NaN,NaN,NaN,NaN,NaN
210,"[211, 728, 337, 530, 310, 412, 747, 5368, 41, 425, 777, 1638]",1874,554,2881,1874,2169,8643,2063,1202,2881,0.6504685872960777,0.19229434224227698,0.6504685872960777,0.7528635890315862,0.7160708087469628,0.41721624435959737,0.7801689228277219,0.7160708087469628,0.9133402753673493,0.41721624435959737,0.7641443943075321,0.7893092676154113
003,"[0, 0, 0, 0, 0, 0, 0, 0, 0, 0, 0, 0]",0,0,0,0,0,0,0,0,0,NaN,NaN,NaN,NaN,NaN,NaN,NaN,NaN,NaN,NaN,NaN,NaN
012,"[0, 0, 0, 0, 0, 0, 0, 0, 0, 0, 0, 0]",0,0,0,0,0,0,0,0,0,NaN,NaN,NaN,NaN,NaN,NaN,NaN,NaN,NaN,NaN,NaN,NaN
021D,"[0, 0, 0, 0, 0, 0, 0, 0, 0, 0, 0, 0]",0,0,0,0,0,0,0,0,0,NaN,NaN,NaN,NaN,NaN,NaN,NaN,NaN,NaN,NaN,NaN,NaN
030T,"[958, 1567, 222, 388, 328, 327, 1073, 2375, 0, 0, 0, 0]",4492,6689,7238,4492,6689,7238,0,0,0,0.6206134291240675,0.924150317767339,0.6206134291240675,0.924150317767339,0.0,0.0,0.6206134291240675,NaN,0.924150317767339,NaN,0.6206134291240675,0.924150317767339
021U,"[0, 0, 0, 0, 0, 0, 0, 0, 0, 0, 0, 0]",0,0,0,0,0,0,0,0,0,NaN,NaN,NaN,NaN,NaN,NaN,NaN,NaN,NaN,NaN,NaN,NaN
300,"[38, 136, 97, 219, 136, 180, 219, 3823, 10, 105, 250, 1251]",614,39,808,614,615,4848,616,123,1616,0.7599009900990099,0.04826732673267327,0.7599009900990099,0.7611386138613861,0.7623762376237624,0.15222772277227722,0.8646864686468647,0.8391089108910891,0.9428630363036303,0.21967821782178218,0.8582920792079208,0.7620668316831684
102,"[0, 0, 0, 0, 0, 0, 0, 0, 0, 0, 0, 0]",0,0,0,0,0,0,0,0,0,NaN,NaN,NaN,NaN,NaN,NaN,NaN,NaN,NaN,NaN,NaN,NaN
021C,"[0, 0, 0, 0, 0, 0, 0, 0, 0, 0, 0, 0]",0,0,0,0,0,0,0,0,0,NaN,NaN,NaN,NaN,NaN,NaN,NaN,NaN,NaN,NaN,NaN,NaN
120U,"[373, 571, 106, 217, 645, 515, 980, 3459, 0, 0, 0, 0]",2029,2827,3433,2029,2827,6866,0,0,0,0.5910282551704049,0.8234780075735508,0.5910282551704049,0.8234780075735508,0.0,0.0,0.6963297407515293,NaN,0.9095543256626857,NaN,0.6963297407515293,0.9095543256626857
