triad,n_arr,n_bal,n_hier,n_tot,n_trans_bal,n_trans_hier,n_trans_tot,n_cyclic_bal,n_cyclic_hier,n_cyclic_tot,per_bal,per_hier,per_trans_bal,per_trans_hier,per_cyclic_bal,per_cyclic_hier,per_trans_bal_sep,per_cyclic_bal_sep,per_trans_hier_sep,per_cyclic_hier_sep,per_bal_sep,per_hier_sep
030C,"[0, 0, 0, 0, 0, 0, 0, 0, 0, 10, 4, 1]",11,14,15,0,0,0,11,14,15,0.7333333333333333,0.9333333333333333,0.0,0.0,0.7333333333333333,0.9333333333333333,NaN,0.7333333333333333,NaN,0.9333333333333333,0.7333333333333333,0.9333333333333333
111U,"[0, 0, 0, 0, 0, 0, 0, 0, 0, 0, 0, 0]",0,0,0,0,0,0,0,0,0,NaN,NaN,NaN,NaN,NaN,NaN,NaN,NaN,NaN,NaN,NaN,NaN
120D,"[32, 90, 10, 25, 10, 25, 33, 139, 0, 0, 0, 0]",117,148,182,117,148,364,0,0,0,0.6428571428571429,0.8131868131868132,0.6428571428571429,0.8131868131868132,0.0,0.0,0.6840659340659341,NaN,0.9038461538461539,NaN,0.6840659340659341,0.9038461538461539
120C,"[14, 24, 22, 24, 13, 10, 25, 35, 14, 57, 63, 33]",85,90,167,94,135,167,90,120,167,0.5089820359281437,0.5389221556886228,0.562874251497006,0.8083832335329342,0.5389221556886228,0.718562874251497,0.562874251497006,0.5389221556886228,0.8083832335329342,0.718562874251497,0.5508982035928144,0.7634730538922155
201,"[0, 0, 0, 0, 0, 0, 0, 0, 0, 0, 0, 0]",0,0,0,0,0,0,0,0,0,NaN,NaN,NaN,NaN,NaN,NaN,NaN,NaN,NaN,NaN,NaN,NaN
111D,"[0, 0, 0, 0, 0, 0, 0, 0, 0, 0, 0, 0]",0,0,0,0,0,0,0,0,0,NaN,NaN,NaN,NaN,NaN,NaN,NaN,NaN,NaN,NaN,NaN,NaN
210,"[39, 194, 127, 134, 82, 90, 78, 648, 11, 136, 110, 207]",314,49,464,314,259,1392,343,246,464,0.6767241379310345,0.10560344827586207,0.6767241379310345,0.5581896551724138,0.7392241379310345,0.5301724137931034,0.7550287356321839,0.7392241379310345,0.8441091954022988,0.5301724137931034,0.7510775862068966,0.765625
003,"[0, 0, 0, 0, 0, 0, 0, 0, 0, 0, 0, 0]",0,0,0,0,0,0,0,0,0,NaN,NaN,NaN,NaN,NaN,NaN,NaN,NaN,NaN,NaN,NaN,NaN
012,"[0, 0, 0, 0, 0, 0, 0, 0, 0, 0, 0, 0]",0,0,0,0,0,0,0,0,0,NaN,NaN,NaN,NaN,NaN,NaN,NaN,NaN,NaN,NaN,NaN,NaN
021D,"[0, 0, 0, 0, 0, 0, 0, 0, 0, 0, 0, 0]",0,0,0,0,0,0,0,0,0,NaN,NaN,NaN,NaN,NaN,NaN,NaN,NaN,NaN,NaN,NaN,NaN
030T,"[9, 31, 9, 4, 23, 11, 24, 36, 0, 0, 0, 0]",99,127,147,99,127,147,0,0,0,0.673469387755102,0.8639455782312925,0.673469387755102,0.8639455782312925,0.0,0.0,0.673469387755102,NaN,0.8639455782312925,NaN,0.673469387755102,0.8639455782312925
021U,"[0, 0, 0, 0, 0, 0, 0, 0, 0, 0, 0, 0]",0,0,0,0,0,0,0,0,0,NaN,NaN,NaN,NaN,NaN,NaN,NaN,NaN,NaN,NaN,NaN,NaN
300,"[9, 85, 93, 94, 111, 76, 68, 814, 3, 93, 86, 268]",156,6,225,156,128,1350,157,76,450,0.6933333333333334,0.02666666666666667,0.6933333333333334,0.5688888888888889,0.6977777777777778,0.3377777777777778,0.817037037037037,0.8022222222222222,0.8748148148148148,0.3977777777777778,0.8133333333333334,0.7555555555555555
102,"[0, 0, 0, 0, 0, 0, 0, 0, 0, 0, 0, 0]",0,0,0,0,0,0,0,0,0,NaN,NaN,NaN,NaN,NaN,NaN,NaN,NaN,NaN,NaN,NaN,NaN
021C,"[0, 0, 0, 0, 0, 0, 0, 0, 0, 0, 0, 0]",0,0,0,0,0,0,0,0,0,NaN,NaN,NaN,NaN,NaN,NaN,NaN,NaN,NaN,NaN,NaN,NaN
120U,"[13, 35, 28, 24, 107, 25, 32, 114, 0, 0, 0, 0]",132,136,189,132,136,378,0,0,0,0.6984126984126984,0.7195767195767195,0.6984126984126984,0.7195767195767195,0.0,0.0,0.7513227513227513,NaN,0.8597883597883598,NaN,0.7513227513227513,0.8597883597883598
