triad,n_arr,n_bal,n_hier,n_tot,n_trans_bal,n_trans_hier,n_trans_tot,n_cyclic_bal,n_cyclic_hier,n_cyclic_tot,per_bal,per_hier,per_trans_bal,per_trans_hier,per_cyclic_bal,per_cyclic_hier,per_trans_bal_sep,per_cyclic_bal_sep,per_trans_hier_sep,per_cyclic_hier_sep,per_bal_sep,per_hier_sep
030C,"[0, 0, 0, 0, 0, 0, 0, 0, 2, 50, 67, 9]",59,117,128,0,0,0,59,117,128,0.4609375,0.9140625,0.0,0.0,0.4609375,0.9140625,NaN,0.4609375,NaN,0.9140625,0.4609375,0.9140625
111U,"[0, 0, 0, 0, 0, 0, 0, 0, 0, 0, 0, 0]",0,0,0,0,0,0,0,0,0,NaN,NaN,NaN,NaN,NaN,NaN,NaN,NaN,NaN,NaN,NaN,NaN
120D,"[30, 470, 7, 61, 20, 48, 25, 511, 0, 0, 0, 0]",488,531,586,488,531,1172,0,0,0,0.8327645051194539,0.9061433447098977,0.8327645051194539,0.9061433447098977,0.0,0.0,0.8600682593856656,NaN,0.9530716723549488,NaN,0.8600682593856656,0.9530716723549488
120C,"[18, 59, 47, 50, 10, 12, 44, 156, 13, 106, 137, 140]",238,186,396,272,337,396,246,243,396,0.601010101010101,0.4696969696969697,0.6868686868686869,0.851010101010101,0.6212121212121212,0.6136363636363636,0.6868686868686869,0.6212121212121212,0.851010101010101,0.6136363636363636,0.6540404040404041,0.7323232323232323
201,"[0, 0, 0, 0, 0, 0, 0, 0, 0, 0, 0, 0]",0,0,0,0,0,0,0,0,0,NaN,NaN,NaN,NaN,NaN,NaN,NaN,NaN,NaN,NaN,NaN,NaN
111D,"[0, 0, 0, 0, 0, 0, 0, 0, 0, 0, 0, 0]",0,0,0,0,0,0,0,0,0,NaN,NaN,NaN,NaN,NaN,NaN,NaN,NaN,NaN,NaN,NaN,NaN
210,"[26, 142, 59, 97, 37, 75, 105, 1223, 3, 72, 118, 395]",445,65,588,445,457,1764,467,190,588,0.7568027210884354,0.11054421768707483,0.7568027210884354,0.7772108843537415,0.79421768707483,0.3231292517006803,0.8282312925170068,0.79421768707483,0.9240362811791383,0.3231292517006803,0.8197278911564626,0.7738095238095238
003,"[0, 0, 0, 0, 0, 0, 0, 0, 0, 0, 0, 0]",0,0,0,0,0,0,0,0,0,NaN,NaN,NaN,NaN,NaN,NaN,NaN,NaN,NaN,NaN,NaN,NaN
012,"[0, 0, 0, 0, 0, 0, 0, 0, 0, 0, 0, 0]",0,0,0,0,0,0,0,0,0,NaN,NaN,NaN,NaN,NaN,NaN,NaN,NaN,NaN,NaN,NaN,NaN
021D,"[0, 0, 0, 0, 0, 0, 0, 0, 0, 0, 0, 0]",0,0,0,0,0,0,0,0,0,NaN,NaN,NaN,NaN,NaN,NaN,NaN,NaN,NaN,NaN,NaN,NaN
030T,"[257, 392, 43, 49, 206, 40, 140, 359, 0, 0, 0, 0]",1000,1403,1486,1000,1403,1486,0,0,0,0.6729475100942126,0.9441453566621804,0.6729475100942126,0.9441453566621804,0.0,0.0,0.6729475100942126,NaN,0.9441453566621804,NaN,0.6729475100942126,0.9441453566621804
021U,"[0, 0, 0, 0, 0, 0, 0, 0, 0, 0, 0, 0]",0,0,0,0,0,0,0,0,0,NaN,NaN,NaN,NaN,NaN,NaN,NaN,NaN,NaN,NaN,NaN,NaN
300,"[0, 10, 8, 10, 10, 8, 10, 1258, 0, 8, 12, 418]",210,2,219,210,208,1314,210,7,438,0.958904109589041,0.0091324200913242,0.958904109589041,0.9497716894977168,0.958904109589041,0.0319634703196347,0.9786910197869102,0.9726027397260274,0.9878234398782344,0.045662100456621,0.9771689497716894,0.752283105022831
102,"[0, 0, 0, 0, 0, 0, 0, 0, 0, 0, 0, 0]",0,0,0,0,0,0,0,0,0,NaN,NaN,NaN,NaN,NaN,NaN,NaN,NaN,NaN,NaN,NaN,NaN
021C,"[0, 0, 0, 0, 0, 0, 0, 0, 0, 0, 0, 0]",0,0,0,0,0,0,0,0,0,NaN,NaN,NaN,NaN,NaN,NaN,NaN,NaN,NaN,NaN,NaN,NaN
120U,"[88, 80, 38, 7, 328, 74, 116, 631, 0, 0, 0, 0]",512,570,681,512,570,1362,0,0,0,0.7518355359765051,0.8370044052863436,0.7518355359765051,0.8370044052863436,0.0,0.0,0.7907488986784141,NaN,0.9177679882525698,NaN,0.7907488986784141,0.9177679882525698
