triad,n_arr,n_bal,n_hier,n_tot,n_trans_bal,n_trans_hier,n_trans_tot,n_cyclic_bal,n_cyclic_hier,n_cyclic_tot,per_bal,per_hier,per_trans_bal,per_trans_hier,per_cyclic_bal,per_cyclic_hier,per_trans_bal_sep,per_cyclic_bal_sep,per_trans_hier_sep,per_cyclic_hier_sep,per_bal_sep,per_hier_sep
030C,"[0, 0, 0, 0, 0, 0, 0, 0, 45, 98, 66, 1]",99,164,210,0,0,0,99,164,210,0.4714285714285714,0.780952380952381,0.0,0.0,0.4714285714285714,0.780952380952381,NaN,0.4714285714285714,NaN,0.780952380952381,0.4714285714285714,0.780952380952381
111U,"[0, 0, 0, 0, 0, 0, 0, 0, 0, 0, 0, 0]",0,0,0,0,0,0,0,0,0,NaN,NaN,NaN,NaN,NaN,NaN,NaN,NaN,NaN,NaN,NaN,NaN
120D,"[260, 1818, 96, 249, 102, 243, 83, 629, 0, 0, 0, 0]",1274,1410,1740,1274,1410,3480,0,0,0,0.732183908045977,0.8103448275862069,0.732183908045977,0.8103448275862069,0.0,0.0,0.7600574712643678,NaN,0.9025862068965518,NaN,0.7600574712643678,0.9025862068965518
120C,"[209, 128, 189, 134, 70, 14, 218, 126, 204, 408, 360, 116]",474,578,1088,513,885,1088,524,768,1088,0.43566176470588236,0.53125,0.47150735294117646,0.8134191176470589,0.48161764705882354,0.7058823529411765,0.47150735294117646,0.48161764705882354,0.8134191176470589,0.7058823529411765,0.4765625,0.7596507352941176
201,"[0, 0, 0, 0, 0, 0, 0, 0, 0, 0, 0, 0]",0,0,0,0,0,0,0,0,0,NaN,NaN,NaN,NaN,NaN,NaN,NaN,NaN,NaN,NaN,NaN,NaN
111D,"[0, 0, 0, 0, 0, 0, 0, 0, 0, 0, 0, 0]",0,0,0,0,0,0,0,0,0,NaN,NaN,NaN,NaN,NaN,NaN,NaN,NaN,NaN,NaN,NaN,NaN
210,"[334, 826, 555, 444, 382, 405, 492, 2163, 99, 586, 506, 676]",1159,205,1867,1159,948,5601,1262,1092,1867,0.6207820032137118,0.1098018211033744,0.6207820032137118,0.5077664702731655,0.6759507230851634,0.584895554365292,0.7009462595965006,0.6759507230851634,0.8286020353508302,0.584895554365292,0.6946973754686663,0.7676754151044456
003,"[0, 0, 0, 0, 0, 0, 0, 0, 0, 0, 0, 0]",0,0,0,0,0,0,0,0,0,NaN,NaN,NaN,NaN,NaN,NaN,NaN,NaN,NaN,NaN,NaN,NaN
012,"[0, 0, 0, 0, 0, 0, 0, 0, 0, 0, 0, 0]",0,0,0,0,0,0,0,0,0,NaN,NaN,NaN,NaN,NaN,NaN,NaN,NaN,NaN,NaN,NaN,NaN
021D,"[0, 0, 0, 0, 0, 0, 0, 0, 0, 0, 0, 0]",0,0,0,0,0,0,0,0,0,NaN,NaN,NaN,NaN,NaN,NaN,NaN,NaN,NaN,NaN,NaN,NaN
030T,"[656, 600, 179, 164, 321, 118, 165, 180, 0, 0, 0, 0]",1280,2086,2383,1280,2086,2383,0,0,0,0.5371380612673101,0.8753671842215694,0.5371380612673101,0.8753671842215694,0.0,0.0,0.5371380612673101,NaN,0.8753671842215694,NaN,0.5371380612673101,0.8753671842215694
021U,"[0, 0, 0, 0, 0, 0, 0, 0, 0, 0, 0, 0]",0,0,0,0,0,0,0,0,0,NaN,NaN,NaN,NaN,NaN,NaN,NaN,NaN,NaN,NaN,NaN,NaN
300,"[36, 186, 185, 175, 196, 164, 165, 3591, 13, 182, 179, 1192]",647,9,783,647,580,4698,648,149,1566,0.8263090676883781,0.011494252873563218,0.8263090676883781,0.7407407407407407,0.8275862068965517,0.19029374201787994,0.8850574712643678,0.8773946360153256,0.9257130693912303,0.2305236270753512,0.8831417624521073,0.7519157088122606
102,"[0, 0, 0, 0, 0, 0, 0, 0, 0, 0, 0, 0]",0,0,0,0,0,0,0,0,0,NaN,NaN,NaN,NaN,NaN,NaN,NaN,NaN,NaN,NaN,NaN,NaN
021C,"[0, 0, 0, 0, 0, 0, 0, 0, 0, 0, 0, 0]",0,0,0,0,0,0,0,0,0,NaN,NaN,NaN,NaN,NaN,NaN,NaN,NaN,NaN,NaN,NaN,NaN
120U,"[317, 151, 140, 71, 763, 272, 283, 657, 0, 0, 0, 0]",792,940,1327,792,940,2654,0,0,0,0.5968349660889224,0.7083647324792766,0.5968349660889224,0.7083647324792766,0.0,0.0,0.6446872645064055,NaN,0.8447626224566691,NaN,0.6446872645064055,0.8447626224566691
