triad,n_arr,n_bal,n_hier,n_tot,n_trans_bal,n_trans_hier,n_trans_tot,n_cyclic_bal,n_cyclic_hier,n_cyclic_tot,per_bal,per_hier,per_trans_bal,per_trans_hier,per_cyclic_bal,per_cyclic_hier,per_trans_bal_sep,per_cyclic_bal_sep,per_trans_hier_sep,per_cyclic_hier_sep,per_bal_sep,per_hier_sep
030C,"[0, 0, 0, 0, 0, 0, 0, 0, 3, 21, 27, 8]",29,48,59,0,0,0,29,48,59,0.4915254237288136,0.8135593220338984,0.0,0.0,0.4915254237288136,0.8135593220338984,NaN,0.4915254237288136,NaN,0.8135593220338984,0.4915254237288136,0.8135593220338984
111U,"[0, 0, 0, 0, 0, 0, 0, 0, 0, 0, 0, 0]",0,0,0,0,0,0,0,0,0,NaN,NaN,NaN,NaN,NaN,NaN,NaN,NaN,NaN,NaN,NaN,NaN
120D,"[43, 179, 11, 68, 19, 60, 63, 627, 0, 0, 0, 0]",388,465,535,388,465,1070,0,0,0,0.7252336448598131,0.8691588785046729,0.7252336448598131,0.8691588785046729,0.0,0.0,0.7813084112149533,NaN,0.9336448598130841,NaN,0.7813084112149533,0.9336448598130841
120C,"[23, 24, 36, 41, 16, 6, 59, 123, 13, 91, 122, 102]",168,172,328,199,286,328,193,213,328,0.5121951219512195,0.524390243902439,0.6067073170731707,0.8719512195121951,0.5884146341463414,0.649390243902439,0.6067073170731707,0.5884146341463414,0.8719512195121951,0.649390243902439,0.5975609756097561,0.7606707317073171
201,"[0, 0, 0, 0, 0, 0, 0, 0, 0, 0, 0, 0]",0,0,0,0,0,0,0,0,0,NaN,NaN,NaN,NaN,NaN,NaN,NaN,NaN,NaN,NaN,NaN,NaN
111D,"[0, 0, 0, 0, 0, 0, 0, 0, 0, 0, 0, 0]",0,0,0,0,0,0,0,0,0,NaN,NaN,NaN,NaN,NaN,NaN,NaN,NaN,NaN,NaN,NaN,NaN
210,"[36, 171, 89, 142, 66, 138, 233, 1357, 13, 96, 220, 415]",457,136,744,457,533,2232,511,316,744,0.614247311827957,0.1827956989247312,0.614247311827957,0.7163978494623656,0.6868279569892473,0.42473118279569894,0.7540322580645161,0.6868279569892473,0.8982974910394266,0.42473118279569894,0.7372311827956989,0.7799059139784946
003,"[0, 0, 0, 0, 0, 0, 0, 0, 0, 0, 0, 0]",0,0,0,0,0,0,0,0,0,NaN,NaN,NaN,NaN,NaN,NaN,NaN,NaN,NaN,NaN,NaN,NaN
012,"[0, 0, 0, 0, 0, 0, 0, 0, 0, 0, 0, 0]",0,0,0,0,0,0,0,0,0,NaN,NaN,NaN,NaN,NaN,NaN,NaN,NaN,NaN,NaN,NaN,NaN
021D,"[0, 0, 0, 0, 0, 0, 0, 0, 0, 0, 0, 0]",0,0,0,0,0,0,0,0,0,NaN,NaN,NaN,NaN,NaN,NaN,NaN,NaN,NaN,NaN,NaN,NaN
030T,"[83, 146, 32, 93, 61, 49, 122, 367, 0, 0, 0, 0]",606,872,953,606,872,953,0,0,0,0.6358866736621196,0.9150052465897167,0.6358866736621196,0.9150052465897167,0.0,0.0,0.6358866736621196,NaN,0.9150052465897167,NaN,0.6358866736621196,0.9150052465897167
021U,"[0, 0, 0, 0, 0, 0, 0, 0, 0, 0, 0, 0]",0,0,0,0,0,0,0,0,0,NaN,NaN,NaN,NaN,NaN,NaN,NaN,NaN,NaN,NaN,NaN,NaN
300,"[4, 44, 22, 54, 24, 52, 74, 1250, 1, 23, 75, 409]",196,12,254,196,200,1524,196,32,508,0.7716535433070866,0.047244094488188976,0.7716535433070866,0.7874015748031497,0.7716535433070866,0.12598425196850394,0.8792650918635171,0.8503937007874016,0.9514435695538058,0.19291338582677164,0.8720472440944882,0.7618110236220472
102,"[0, 0, 0, 0, 0, 0, 0, 0, 0, 0, 0, 0]",0,0,0,0,0,0,0,0,0,NaN,NaN,NaN,NaN,NaN,NaN,NaN,NaN,NaN,NaN,NaN,NaN
021C,"[0, 0, 0, 0, 0, 0, 0, 0, 0, 0, 0, 0]",0,0,0,0,0,0,0,0,0,NaN,NaN,NaN,NaN,NaN,NaN,NaN,NaN,NaN,NaN,NaN,NaN
120U,"[34, 75, 39, 74, 82, 108, 144, 906, 0, 0, 0, 0]",506,586,731,506,586,1462,0,0,0,0.6922024623803009,0.801641586867305,0.6922024623803009,0.801641586867305,0.0,0.0,0.7537619699042407,NaN,0.8994528043775649,NaN,0.7537619699042407,0.8994528043775649
