triad,n_arr,n_bal,n_hier,n_tot,n_trans_bal,n_trans_hier,n_trans_tot,n_cyclic_bal,n_cyclic_hier,n_cyclic_tot,per_bal,per_hier,per_trans_bal,per_trans_hier,per_cyclic_bal,per_cyclic_hier,per_trans_bal_sep,per_cyclic_bal_sep,per_trans_hier_sep,per_cyclic_hier_sep,per_bal_sep,per_hier_sep
030C,"[0, 0, 0, 0, 0, 0, 0, 0, 3, 25, 61, 43]",68,86,132,0,0,0,68,86,132,0.5151515151515151,0.6515151515151515,0.0,0.0,0.5151515151515151,0.6515151515151515,NaN,0.5151515151515151,NaN,0.6515151515151515,0.5151515151515151,0.6515151515151515
111U,"[0, 0, 0, 0, 0, 0, 0, 0, 0, 0, 0, 0]",0,0,0,0,0,0,0,0,0,NaN,NaN,NaN,NaN,NaN,NaN,NaN,NaN,NaN,NaN,NaN,NaN
120D,"[101, 2017, 29, 216, 38, 207, 107, 2765, 0, 0, 0, 0]",2364,2507,2740,2364,2507,5480,0,0,0,0.8627737226277372,0.9149635036496351,0.8627737226277372,0.9149635036496351,0.0,0.0,0.8848540145985402,NaN,0.9569343065693431,NaN,0.8848540145985402,0.9569343065693431
120C,"[5, 31, 65, 148, 18, 31, 223, 812, 6, 103, 447, 777]",860,468,1333,926,1237,1333,880,550,1333,0.6451612903225806,0.35108777194298574,0.6946736684171043,0.9279819954988747,0.660165041260315,0.41260315078769694,0.6946736684171043,0.660165041260315,0.9279819954988747,0.41260315078769694,0.6774193548387096,0.6702925731432858
201,"[0, 0, 0, 0, 0, 0, 0, 0, 0, 0, 0, 0]",0,0,0,0,0,0,0,0,0,NaN,NaN,NaN,NaN,NaN,NaN,NaN,NaN,NaN,NaN,NaN,NaN
111D,"[0, 0, 0, 0, 0, 0, 0, 0, 0, 0, 0, 0]",0,0,0,0,0,0,0,0,0,NaN,NaN,NaN,NaN,NaN,NaN,NaN,NaN,NaN,NaN,NaN,NaN
210,"[21, 199, 102, 686, 133, 567, 662, 10059, 2, 109, 782, 3250]",3248,326,4143,3248,3493,12429,3359,891,4143,0.7839729664494328,0.07868694182959209,0.7839729664494328,0.8431088583152305,0.8107651460294473,0.21506154960173787,0.8442352562555314,0.8107651460294473,0.9461742698527636,0.21506154960173787,0.8358677286990104,0.7633960897900073
003,"[0, 0, 0, 0, 0, 0, 0, 0, 0, 0, 0, 0]",0,0,0,0,0,0,0,0,0,NaN,NaN,NaN,NaN,NaN,NaN,NaN,NaN,NaN,NaN,NaN,NaN
012,"[0, 0, 0, 0, 0, 0, 0, 0, 0, 0, 0, 0]",0,0,0,0,0,0,0,0,0,NaN,NaN,NaN,NaN,NaN,NaN,NaN,NaN,NaN,NaN,NaN,NaN
021D,"[0, 0, 0, 0, 0, 0, 0, 0, 0, 0, 0, 0]",0,0,0,0,0,0,0,0,0,NaN,NaN,NaN,NaN,NaN,NaN,NaN,NaN,NaN,NaN,NaN,NaN
030T,"[258, 1341, 68, 285, 75, 185, 337, 2139, 0, 0, 0, 0]",3623,4435,4688,3623,4435,4688,0,0,0,0.7728242320819113,0.9460324232081911,0.7728242320819113,0.9460324232081911,0.0,0.0,0.7728242320819113,NaN,0.9460324232081911,NaN,0.7728242320819113,0.9460324232081911
021U,"[0, 0, 0, 0, 0, 0, 0, 0, 0, 0, 0, 0]",0,0,0,0,0,0,0,0,0,NaN,NaN,NaN,NaN,NaN,NaN,NaN,NaN,NaN,NaN,NaN,NaN
300,"[7, 75, 45, 376, 59, 362, 392, 13054, 2, 46, 405, 4337]",2068,26,2395,2068,2080,14370,2072,110,4790,0.8634655532359081,0.010855949895615866,0.8634655532359081,0.8684759916492694,0.8651356993736952,0.04592901878914405,0.9208768267223382,0.9150313152400835,0.9716771050800278,0.0941544885177453,0.9194154488517745,0.7522964509394572
102,"[0, 0, 0, 0, 0, 0, 0, 0, 0, 0, 0, 0]",0,0,0,0,0,0,0,0,0,NaN,NaN,NaN,NaN,NaN,NaN,NaN,NaN,NaN,NaN,NaN,NaN
021C,"[0, 0, 0, 0, 0, 0, 0, 0, 0, 0, 0, 0]",0,0,0,0,0,0,0,0,0,NaN,NaN,NaN,NaN,NaN,NaN,NaN,NaN,NaN,NaN,NaN,NaN
120U,"[25, 122, 79, 228, 233, 519, 562, 5692, 0, 0, 0, 0]",2970,3142,3730,2970,3142,7460,0,0,0,0.7962466487935657,0.8423592493297587,0.7962466487935657,0.8423592493297587,0.0,0.0,0.8211796246648794,NaN,0.9198391420911528,NaN,0.8211796246648794,0.9198391420911528
