triad,n_arr,n_bal,n_hier,n_tot,n_trans_bal,n_trans_hier,n_trans_tot,n_cyclic_bal,n_cyclic_hier,n_cyclic_tot,per_bal,per_hier,per_trans_bal,per_trans_hier,per_cyclic_bal,per_cyclic_hier,per_trans_bal_sep,per_cyclic_bal_sep,per_trans_hier_sep,per_cyclic_hier_sep,per_bal_sep,per_hier_sep
030C,"[0, 0, 0, 0, 0, 0, 0, 0, 5, 11, 10, 0]",11,21,26,0,0,0,11,21,26,0.4230769230769231,0.8076923076923077,0.0,0.0,0.4230769230769231,0.8076923076923077,NaN,0.4230769230769231,NaN,0.8076923076923077,0.4230769230769231,0.8076923076923077
111U,"[0, 0, 0, 0, 0, 0, 0, 0, 0, 0, 0, 0]",0,0,0,0,0,0,0,0,0,NaN,NaN,NaN,NaN,NaN,NaN,NaN,NaN,NaN,NaN,NaN,NaN
120D,"[4, 36, 21, 20, 24, 17, 37, 79, 0, 0, 0, 0]",77,81,119,77,81,238,0,0,0,0.6470588235294118,0.680672268907563,0.6470588235294118,0.680672268907563,0.0,0.0,0.6722689075630253,NaN,0.8403361344537815,NaN,0.6722689075630253,0.8403361344537815
120C,"[17, 22, 30, 22, 21, 17, 32, 19, 17, 74, 69, 20]",88,99,180,92,133,180,94,143,180,0.4888888888888889,0.55,0.5111111111111111,0.7388888888888889,0.5222222222222223,0.7944444444444444,0.5111111111111111,0.5222222222222223,0.7388888888888889,0.7944444444444444,0.5166666666666667,0.7666666666666666
201,"[0, 0, 0, 0, 0, 0, 0, 0, 0, 0, 0, 0]",0,0,0,0,0,0,0,0,0,NaN,NaN,NaN,NaN,NaN,NaN,NaN,NaN,NaN,NaN,NaN,NaN
111D,"[0, 0, 0, 0, 0, 0, 0, 0, 0, 0, 0, 0]",0,0,0,0,0,0,0,0,0,NaN,NaN,NaN,NaN,NaN,NaN,NaN,NaN,NaN,NaN,NaN,NaN
210,"[48, 186, 142, 101, 108, 129, 181, 311, 19, 144, 140, 99]",218,37,402,218,143,1206,243,284,402,0.5422885572139303,0.09203980099502487,0.5422885572139303,0.35572139303482586,0.6044776119402985,0.7064676616915423,0.6194029850746269,0.6044776119402985,0.775290215588723,0.7064676616915423,0.6156716417910447,0.7580845771144279
003,"[0, 0, 0, 0, 0, 0, 0, 0, 0, 0, 0, 0]",0,0,0,0,0,0,0,0,0,NaN,NaN,NaN,NaN,NaN,NaN,NaN,NaN,NaN,NaN,NaN,NaN
012,"[0, 0, 0, 0, 0, 0, 0, 0, 0, 0, 0, 0]",0,0,0,0,0,0,0,0,0,NaN,NaN,NaN,NaN,NaN,NaN,NaN,NaN,NaN,NaN,NaN,NaN
021D,"[0, 0, 0, 0, 0, 0, 0, 0, 0, 0, 0, 0]",0,0,0,0,0,0,0,0,0,NaN,NaN,NaN,NaN,NaN,NaN,NaN,NaN,NaN,NaN,NaN,NaN
030T,"[21, 24, 21, 49, 44, 13, 36, 60, 0, 0, 0, 0]",149,234,268,149,234,268,0,0,0,0.5559701492537313,0.8731343283582089,0.5559701492537313,0.8731343283582089,0.0,0.0,0.5559701492537313,NaN,0.8731343283582089,NaN,0.5559701492537313,0.8731343283582089
021U,"[0, 0, 0, 0, 0, 0, 0, 0, 0, 0, 0, 0]",0,0,0,0,0,0,0,0,0,NaN,NaN,NaN,NaN,NaN,NaN,NaN,NaN,NaN,NaN,NaN,NaN
300,"[24, 88, 89, 50, 86, 53, 52, 344, 8, 89, 49, 116]",90,0,131,90,55,786,92,62,262,0.6870229007633588,0.0,0.6870229007633588,0.4198473282442748,0.7022900763358778,0.4732824427480916,0.772264631043257,0.7824427480916031,0.8193384223918575,0.5267175572519084,0.7748091603053435,0.7461832061068703
102,"[0, 0, 0, 0, 0, 0, 0, 0, 0, 0, 0, 0]",0,0,0,0,0,0,0,0,0,NaN,NaN,NaN,NaN,NaN,NaN,NaN,NaN,NaN,NaN,NaN,NaN
021C,"[0, 0, 0, 0, 0, 0, 0, 0, 0, 0, 0, 0]",0,0,0,0,0,0,0,0,0,NaN,NaN,NaN,NaN,NaN,NaN,NaN,NaN,NaN,NaN,NaN,NaN
120U,"[34, 28, 27, 44, 72, 55, 56, 218, 0, 0, 0, 0]",162,189,267,162,189,534,0,0,0,0.6067415730337079,0.7078651685393258,0.6067415730337079,0.7078651685393258,0.0,0.0,0.6460674157303371,NaN,0.8464419475655431,NaN,0.6460674157303371,0.8464419475655431
