triad,n_arr,n_bal,n_hier,n_tot,n_trans_bal,n_trans_hier,n_trans_tot,n_cyclic_bal,n_cyclic_hier,n_cyclic_tot,per_bal,per_hier,per_trans_bal,per_trans_hier,per_cyclic_bal,per_cyclic_hier,per_trans_bal_sep,per_cyclic_bal_sep,per_trans_hier_sep,per_cyclic_hier_sep,per_bal_sep,per_hier_sep
030C,"[0, 0, 0, 0, 0, 0, 0, 0, 0, 1, 6, 6]",7,7,13,0,0,0,7,7,13,0.5384615384615384,0.5384615384615384,0.0,0.0,0.5384615384615384,0.5384615384615384,NaN,0.5384615384615384,NaN,0.5384615384615384,0.5384615384615384,0.5384615384615384
111U,"[0, 0, 0, 0, 0, 0, 0, 0, 0, 0, 0, 0]",0,0,0,0,0,0,0,0,0,NaN,NaN,NaN,NaN,NaN,NaN,NaN,NaN,NaN,NaN,NaN,NaN
120D,"[3, 3, 1, 9, 1, 9, 20, 186, 0, 0, 0, 0]",92,106,116,92,106,232,0,0,0,0.7931034482758621,0.9137931034482759,0.7931034482758621,0.9137931034482759,0.0,0.0,0.8232758620689655,NaN,0.9568965517241379,NaN,0.8232758620689655,0.9568965517241379
120C,"[1, 1, 1, 9, 0, 3, 29, 59, 0, 6, 39, 58]",58,43,103,61,99,103,64,45,103,0.5631067961165048,0.4174757281553398,0.5922330097087378,0.9611650485436893,0.6213592233009708,0.4368932038834951,0.5922330097087378,0.6213592233009708,0.9611650485436893,0.4368932038834951,0.6067961165048543,0.6990291262135923
201,"[0, 0, 0, 0, 0, 0, 0, 0, 0, 0, 0, 0]",0,0,0,0,0,0,0,0,0,NaN,NaN,NaN,NaN,NaN,NaN,NaN,NaN,NaN,NaN,NaN,NaN
111D,"[0, 0, 0, 0, 0, 0, 0, 0, 0, 0, 0, 0]",0,0,0,0,0,0,0,0,0,NaN,NaN,NaN,NaN,NaN,NaN,NaN,NaN,NaN,NaN,NaN,NaN
210,"[1, 20, 8, 38, 3, 39, 44, 648, 1, 9, 39, 218]",212,15,267,212,221,801,227,48,267,0.7940074906367042,0.056179775280898875,0.7940074906367042,0.8277153558052435,0.850187265917603,0.1797752808988764,0.8476903870162297,0.850187265917603,0.9413233458177278,0.1797752808988764,0.848314606741573,0.7509363295880149
003,"[0, 0, 0, 0, 0, 0, 0, 0, 0, 0, 0, 0]",0,0,0,0,0,0,0,0,0,NaN,NaN,NaN,NaN,NaN,NaN,NaN,NaN,NaN,NaN,NaN,NaN
012,"[0, 0, 0, 0, 0, 0, 0, 0, 0, 0, 0, 0]",0,0,0,0,0,0,0,0,0,NaN,NaN,NaN,NaN,NaN,NaN,NaN,NaN,NaN,NaN,NaN,NaN
021D,"[0, 0, 0, 0, 0, 0, 0, 0, 0, 0, 0, 0]",0,0,0,0,0,0,0,0,0,NaN,NaN,NaN,NaN,NaN,NaN,NaN,NaN,NaN,NaN,NaN,NaN
030T,"[7, 24, 3, 11, 15, 13, 88, 241, 0, 0, 0, 0]",283,386,402,283,386,402,0,0,0,0.7039800995024875,0.9601990049751243,0.7039800995024875,0.9601990049751243,0.0,0.0,0.7039800995024875,NaN,0.9601990049751243,NaN,0.7039800995024875,0.9601990049751243
021U,"[0, 0, 0, 0, 0, 0, 0, 0, 0, 0, 0, 0]",0,0,0,0,0,0,0,0,0,NaN,NaN,NaN,NaN,NaN,NaN,NaN,NaN,NaN,NaN,NaN,NaN
300,"[0, 20, 1, 18, 0, 19, 38, 630, 0, 1, 37, 204]",95,9,121,95,104,726,95,12,242,0.7851239669421488,0.0743801652892562,0.7851239669421488,0.859504132231405,0.7851239669421488,0.09917355371900827,0.8966942148760331,0.8471074380165289,0.9724517906336088,0.15702479338842976,0.8842975206611571,0.768595041322314
102,"[0, 0, 0, 0, 0, 0, 0, 0, 0, 0, 0, 0]",0,0,0,0,0,0,0,0,0,NaN,NaN,NaN,NaN,NaN,NaN,NaN,NaN,NaN,NaN,NaN,NaN
021C,"[0, 0, 0, 0, 0, 0, 0, 0, 0, 0, 0, 0]",0,0,0,0,0,0,0,0,0,NaN,NaN,NaN,NaN,NaN,NaN,NaN,NaN,NaN,NaN,NaN,NaN
120U,"[0, 13, 3, 28, 18, 43, 53, 662, 0, 0, 0, 0]",331,364,410,331,364,820,0,0,0,0.8073170731707318,0.8878048780487805,0.8073170731707318,0.8878048780487805,0.0,0.0,0.848780487804878,NaN,0.9439024390243902,NaN,0.848780487804878,0.9439024390243902
