triad,n_arr,n_bal,n_hier,n_tot,n_trans_bal,n_trans_hier,n_trans_tot,n_cyclic_bal,n_cyclic_hier,n_cyclic_tot,per_bal,per_hier,per_trans_bal,per_trans_hier,per_cyclic_bal,per_cyclic_hier,per_trans_bal_sep,per_cyclic_bal_sep,per_trans_hier_sep,per_cyclic_hier_sep,per_bal_sep,per_hier_sep
030C,"[0, 0, 0, 0, 0, 0, 0, 0, 0, 2, 4, 2]",4,6,8,0,0,0,4,6,8,0.5,0.75,0.0,0.0,0.5,0.75,NaN,0.5,NaN,0.75,0.5,0.75
111U,"[0, 0, 0, 0, 0, 0, 0, 0, 0, 0, 0, 0]",0,0,0,0,0,0,0,0,0,NaN,NaN,NaN,NaN,NaN,NaN,NaN,NaN,NaN,NaN,NaN,NaN
120D,"[0, 4, 1, 6, 1, 6, 4, 86, 0, 0, 0, 0]",43,48,54,43,48,108,0,0,0,0.7962962962962963,0.8888888888888888,0.7962962962962963,0.8888888888888888,0.0,0.0,0.8518518518518519,NaN,0.9351851851851852,NaN,0.8518518518518519,0.9351851851851852
120C,"[1, 0, 4, 5, 0, 1, 12, 34, 2, 5, 18, 32]",35,19,57,38,52,57,37,23,57,0.6140350877192983,0.3333333333333333,0.6666666666666666,0.9122807017543859,0.6491228070175439,0.40350877192982454,0.6666666666666666,0.6491228070175439,0.9122807017543859,0.40350877192982454,0.6578947368421053,0.6578947368421053
201,"[0, 0, 0, 0, 0, 0, 0, 0, 0, 0, 0, 0]",0,0,0,0,0,0,0,0,0,NaN,NaN,NaN,NaN,NaN,NaN,NaN,NaN,NaN,NaN,NaN,NaN
111D,"[0, 0, 0, 0, 0, 0, 0, 0, 0, 0, 0, 0]",0,0,0,0,0,0,0,0,0,NaN,NaN,NaN,NaN,NaN,NaN,NaN,NaN,NaN,NaN,NaN,NaN
210,"[0, 0, 4, 14, 6, 16, 11, 279, 0, 3, 11, 96]",91,4,110,91,93,330,99,14,110,0.8272727272727273,0.03636363636363636,0.8272727272727273,0.8454545454545455,0.9,0.12727272727272726,0.8757575757575757,0.9,0.9393939393939394,0.12727272727272726,0.8818181818181818,0.7363636363636363
003,"[0, 0, 0, 0, 0, 0, 0, 0, 0, 0, 0, 0]",0,0,0,0,0,0,0,0,0,NaN,NaN,NaN,NaN,NaN,NaN,NaN,NaN,NaN,NaN,NaN,NaN
012,"[0, 0, 0, 0, 0, 0, 0, 0, 0, 0, 0, 0]",0,0,0,0,0,0,0,0,0,NaN,NaN,NaN,NaN,NaN,NaN,NaN,NaN,NaN,NaN,NaN,NaN
021D,"[0, 0, 0, 0, 0, 0, 0, 0, 0, 0, 0, 0]",0,0,0,0,0,0,0,0,0,NaN,NaN,NaN,NaN,NaN,NaN,NaN,NaN,NaN,NaN,NaN,NaN
030T,"[2, 2, 2, 3, 2, 2, 25, 92, 0, 0, 0, 0]",98,126,130,98,126,130,0,0,0,0.7538461538461538,0.9692307692307692,0.7538461538461538,0.9692307692307692,0.0,0.0,0.7538461538461538,NaN,0.9692307692307692,NaN,0.7538461538461538,0.9692307692307692
021U,"[0, 0, 0, 0, 0, 0, 0, 0, 0, 0, 0, 0]",0,0,0,0,0,0,0,0,0,NaN,NaN,NaN,NaN,NaN,NaN,NaN,NaN,NaN,NaN,NaN,NaN
300,"[0, 0, 0, 5, 0, 5, 5, 219, 0, 0, 5, 73]",34,0,39,34,34,234,34,0,78,0.8717948717948718,0.0,0.8717948717948718,0.8717948717948718,0.8717948717948718,0.0,0.9358974358974359,0.9358974358974359,0.9786324786324786,0.0641025641025641,0.9358974358974359,0.75
102,"[0, 0, 0, 0, 0, 0, 0, 0, 0, 0, 0, 0]",0,0,0,0,0,0,0,0,0,NaN,NaN,NaN,NaN,NaN,NaN,NaN,NaN,NaN,NaN,NaN,NaN
021C,"[0, 0, 0, 0, 0, 0, 0, 0, 0, 0, 0, 0]",0,0,0,0,0,0,0,0,0,NaN,NaN,NaN,NaN,NaN,NaN,NaN,NaN,NaN,NaN,NaN,NaN
120U,"[1, 2, 0, 5, 5, 4, 6, 133, 0, 0, 0, 0]",66,74,78,66,74,156,0,0,0,0.8461538461538461,0.9487179487179487,0.8461538461538461,0.9487179487179487,0.0,0.0,0.8974358974358975,NaN,0.9743589743589743,NaN,0.8974358974358975,0.9743589743589743
