triad,n_arr,n_bal,n_hier,n_tot,n_trans_bal,n_trans_hier,n_trans_tot,n_cyclic_bal,n_cyclic_hier,n_cyclic_tot,per_bal,per_hier,per_trans_bal,per_trans_hier,per_cyclic_bal,per_cyclic_hier,per_trans_bal_sep,per_cyclic_bal_sep,per_trans_hier_sep,per_cyclic_hier_sep,per_bal_sep,per_hier_sep
030C,"[0, 0, 0, 0, 0, 0, 0, 0, 3, 14, 16, 6]",20,30,39,0,0,0,20,30,39,0.5128205128205128,0.7692307692307693,0.0,0.0,0.5128205128205128,0.7692307692307693,NaN,0.5128205128205128,NaN,0.7692307692307693,0.5128205128205128,0.7692307692307692
111U,"[0, 0, 0, 0, 0, 0, 0, 0, 0, 0, 0, 0]",0,0,0,0,0,0,0,0,0,NaN,NaN,NaN,NaN,NaN,NaN,NaN,NaN,NaN,NaN,NaN,NaN
120D,"[39, 363, 10, 51, 11, 50, 28, 578, 0, 0, 0, 0]",459,507,565,459,507,1130,0,0,0,0.8123893805309734,0.8973451327433628,0.8123893805309734,0.8973451327433628,0.0,0.0,0.8513274336283185,NaN,0.9469026548672567,NaN,0.8513274336283185,0.9469026548672567
120C,"[15, 8, 78, 68, 11, 1, 84, 199, 9, 104, 159, 192]",282,186,464,296,385,464,296,263,464,0.6077586206896551,0.40086206896551724,0.6379310344827587,0.8297413793103449,0.6379310344827587,0.5668103448275862,0.6379310344827587,0.6379310344827587,0.8297413793103449,0.5668103448275862,0.6379310344827587,0.6982758620689655
201,"[0, 0, 0, 0, 0, 0, 0, 0, 0, 0, 0, 0]",0,0,0,0,0,0,0,0,0,NaN,NaN,NaN,NaN,NaN,NaN,NaN,NaN,NaN,NaN,NaN,NaN
111D,"[0, 0, 0, 0, 0, 0, 0, 0, 0, 0, 0, 0]",0,0,0,0,0,0,0,0,0,NaN,NaN,NaN,NaN,NaN,NaN,NaN,NaN,NaN,NaN,NaN,NaN
210,"[8, 118, 66, 196, 65, 169, 220, 2668, 3, 71, 236, 860]",897,101,1170,897,949,3510,931,307,1170,0.7666666666666667,0.08632478632478632,0.7666666666666667,0.8111111111111111,0.7957264957264957,0.2623931623931624,0.8310541310541311,0.7957264957264957,0.933048433048433,0.2623931623931624,0.8222222222222222,0.7653846153846153
003,"[0, 0, 0, 0, 0, 0, 0, 0, 0, 0, 0, 0]",0,0,0,0,0,0,0,0,0,NaN,NaN,NaN,NaN,NaN,NaN,NaN,NaN,NaN,NaN,NaN,NaN
012,"[0, 0, 0, 0, 0, 0, 0, 0, 0, 0, 0, 0]",0,0,0,0,0,0,0,0,0,NaN,NaN,NaN,NaN,NaN,NaN,NaN,NaN,NaN,NaN,NaN,NaN
021D,"[0, 0, 0, 0, 0, 0, 0, 0, 0, 0, 0, 0]",0,0,0,0,0,0,0,0,0,NaN,NaN,NaN,NaN,NaN,NaN,NaN,NaN,NaN,NaN,NaN,NaN
030T,"[108, 116, 34, 39, 69, 42, 116, 282, 0, 0, 0, 0]",501,730,806,501,730,806,0,0,0,0.6215880893300249,0.9057071960297767,0.6215880893300249,0.9057071960297767,0.0,0.0,0.6215880893300249,NaN,0.9057071960297767,NaN,0.6215880893300249,0.9057071960297767
021U,"[0, 0, 0, 0, 0, 0, 0, 0, 0, 0, 0, 0]",0,0,0,0,0,0,0,0,0,NaN,NaN,NaN,NaN,NaN,NaN,NaN,NaN,NaN,NaN,NaN,NaN
300,"[4, 30, 20, 62, 22, 60, 70, 3452, 1, 21, 71, 1147]",560,6,620,560,559,3720,560,25,1240,0.9032258064516129,0.00967741935483871,0.9032258064516129,0.9016129032258065,0.9032258064516129,0.04032258064516129,0.9473118279569892,0.9419354838709677,0.978494623655914,0.07419354838709677,0.9459677419354838,0.7524193548387097
102,"[0, 0, 0, 0, 0, 0, 0, 0, 0, 0, 0, 0]",0,0,0,0,0,0,0,0,0,NaN,NaN,NaN,NaN,NaN,NaN,NaN,NaN,NaN,NaN,NaN,NaN
021C,"[0, 0, 0, 0, 0, 0, 0, 0, 0, 0, 0, 0]",0,0,0,0,0,0,0,0,0,NaN,NaN,NaN,NaN,NaN,NaN,NaN,NaN,NaN,NaN,NaN,NaN
120U,"[31, 20, 1, 25, 145, 142, 161, 953, 0, 0, 0, 0]",536,597,739,536,597,1478,0,0,0,0.7253044654939107,0.8078484438430311,0.7253044654939107,0.8078484438430311,0.0,0.0,0.7571041948579161,NaN,0.9032476319350473,NaN,0.7571041948579161,0.9032476319350473
