triad,n_arr,n_bal,n_hier,n_tot,n_trans_bal,n_trans_hier,n_trans_tot,n_cyclic_bal,n_cyclic_hier,n_cyclic_tot,per_bal,per_hier,per_trans_bal,per_trans_hier,per_cyclic_bal,per_cyclic_hier,per_trans_bal_sep,per_cyclic_bal_sep,per_trans_hier_sep,per_cyclic_hier_sep,per_bal_sep,per_hier_sep
030C,"[0, 0, 0, 0, 0, 0, 0, 0, 9, 24, 57, 11]",35,81,101,0,0,0,35,81,101,0.3465346534653465,0.801980198019802,0.0,0.0,0.3465346534653465,0.801980198019802,NaN,0.3465346534653465,NaN,0.801980198019802,0.3465346534653465,0.801980198019802
111U,"[0, 0, 0, 0, 0, 0, 0, 0, 0, 0, 0, 0]",0,0,0,0,0,0,0,0,0,NaN,NaN,NaN,NaN,NaN,NaN,NaN,NaN,NaN,NaN,NaN,NaN
120D,"[126, 1134, 29, 116, 30, 115, 49, 473, 0, 0, 0, 0]",807,894,1036,807,894,2072,0,0,0,0.778957528957529,0.862934362934363,0.778957528957529,0.862934362934363,0.0,0.0,0.8040540540540541,NaN,0.9305019305019305,NaN,0.8040540540540541,0.9305019305019305
120C,"[29, 67, 81, 70, 12, 9, 109, 125, 14, 164, 211, 113]",240,290,502,285,412,502,277,375,502,0.47808764940239046,0.5776892430278885,0.5677290836653387,0.8207171314741036,0.5517928286852589,0.7470119521912351,0.5677290836653387,0.5517928286852589,0.8207171314741035,0.7470119521912351,0.5597609561752988,0.7838645418326693
201,"[0, 0, 0, 0, 0, 0, 0, 0, 0, 0, 0, 0]",0,0,0,0,0,0,0,0,0,NaN,NaN,NaN,NaN,NaN,NaN,NaN,NaN,NaN,NaN,NaN,NaN
111D,"[0, 0, 0, 0, 0, 0, 0, 0, 0, 0, 0, 0]",0,0,0,0,0,0,0,0,0,NaN,NaN,NaN,NaN,NaN,NaN,NaN,NaN,NaN,NaN,NaN,NaN
210,"[44, 345, 155, 270, 141, 265, 362, 1523, 6, 172, 359, 498]",595,169,1035,595,642,3105,670,531,1035,0.5748792270531401,0.16328502415458937,0.5748792270531401,0.6202898550724638,0.6473429951690821,0.5130434782608696,0.6969404186795491,0.6473429951690821,0.8647342995169083,0.5130434782608696,0.6845410628019324,0.7768115942028986
003,"[0, 0, 0, 0, 0, 0, 0, 0, 0, 0, 0, 0]",0,0,0,0,0,0,0,0,0,NaN,NaN,NaN,NaN,NaN,NaN,NaN,NaN,NaN,NaN,NaN,NaN
012,"[0, 0, 0, 0, 0, 0, 0, 0, 0, 0, 0, 0]",0,0,0,0,0,0,0,0,0,NaN,NaN,NaN,NaN,NaN,NaN,NaN,NaN,NaN,NaN,NaN,NaN
021D,"[0, 0, 0, 0, 0, 0, 0, 0, 0, 0, 0, 0]",0,0,0,0,0,0,0,0,0,NaN,NaN,NaN,NaN,NaN,NaN,NaN,NaN,NaN,NaN,NaN,NaN
030T,"[633, 937, 112, 129, 273, 203, 242, 516, 0, 0, 0, 0]",1838,2730,3045,1838,2730,3045,0,0,0,0.6036124794745484,0.896551724137931,0.6036124794745484,0.896551724137931,0.0,0.0,0.6036124794745484,NaN,0.896551724137931,NaN,0.6036124794745484,0.896551724137931
021U,"[0, 0, 0, 0, 0, 0, 0, 0, 0, 0, 0, 0]",0,0,0,0,0,0,0,0,0,NaN,NaN,NaN,NaN,NaN,NaN,NaN,NaN,NaN,NaN,NaN,NaN
300,"[3, 85, 64, 138, 77, 125, 146, 2020, 0, 67, 156, 663]",319,18,443,319,315,2658,321,77,886,0.7200902934537246,0.040632054176072234,0.7200902934537246,0.7110609480812641,0.7246049661399548,0.17381489841986456,0.8449962377727614,0.8239277652370203,0.9288939051918736,0.2516930022573363,0.8397291196388262,0.7595936794582393
102,"[0, 0, 0, 0, 0, 0, 0, 0, 0, 0, 0, 0]",0,0,0,0,0,0,0,0,0,NaN,NaN,NaN,NaN,NaN,NaN,NaN,NaN,NaN,NaN,NaN,NaN
021C,"[0, 0, 0, 0, 0, 0, 0, 0, 0, 0, 0, 0]",0,0,0,0,0,0,0,0,0,NaN,NaN,NaN,NaN,NaN,NaN,NaN,NaN,NaN,NaN,NaN,NaN
120U,"[225, 182, 60, 49, 541, 299, 421, 1027, 0, 0, 0, 0]",770,1047,1402,770,1047,2804,0,0,0,0.5492154065620543,0.7467902995720399,0.5492154065620543,0.7467902995720399,0.0,0.0,0.645506419400856,NaN,0.8719686162624822,NaN,0.645506419400856,0.8719686162624822
