triad,n_arr,n_bal,n_hier,n_tot,n_trans_bal,n_trans_hier,n_trans_tot,n_cyclic_bal,n_cyclic_hier,n_cyclic_tot,per_bal,per_hier,per_trans_bal,per_trans_hier,per_cyclic_bal,per_cyclic_hier,per_trans_bal_sep,per_cyclic_bal_sep,per_trans_hier_sep,per_cyclic_hier_sep,per_bal_sep,per_hier_sep
030C,"[0, 0, 0, 0, 0, 0, 0, 0, 12, 72, 26, 6]",78,98,116,0,0,0,78,98,116,0.6724137931034483,0.8448275862068966,0.0,0.0,0.6724137931034483,0.8448275862068966,NaN,0.6724137931034483,NaN,0.8448275862068966,0.6724137931034483,0.8448275862068966
111U,"[0, 0, 0, 0, 0, 0, 0, 0, 0, 0, 0, 0]",0,0,0,0,0,0,0,0,0,NaN,NaN,NaN,NaN,NaN,NaN,NaN,NaN,NaN,NaN,NaN,NaN
120D,"[113, 623, 51, 89, 52, 88, 49, 911, 0, 0, 0, 0]",806,850,988,806,850,1976,0,0,0,0.8157894736842105,0.8603238866396761,0.8157894736842105,0.8603238866396761,0.0,0.0,0.8284412955465587,NaN,0.9296558704453441,NaN,0.8284412955465587,0.9296558704453441
120C,"[22, 49, 112, 116, 21, 12, 90, 162, 22, 178, 230, 154]",328,286,584,344,460,584,332,408,584,0.5616438356164384,0.4897260273972603,0.589041095890411,0.7876712328767124,0.5684931506849316,0.6986301369863014,0.589041095890411,0.5684931506849316,0.7876712328767124,0.6986301369863014,0.5787671232876712,0.7431506849315068
201,"[0, 0, 0, 0, 0, 0, 0, 0, 0, 0, 0, 0]",0,0,0,0,0,0,0,0,0,NaN,NaN,NaN,NaN,NaN,NaN,NaN,NaN,NaN,NaN,NaN,NaN
111D,"[0, 0, 0, 0, 0, 0, 0, 0, 0, 0, 0, 0]",0,0,0,0,0,0,0,0,0,NaN,NaN,NaN,NaN,NaN,NaN,NaN,NaN,NaN,NaN,NaN,NaN
210,"[56, 306, 188, 173, 100, 180, 248, 2115, 20, 186, 241, 675]",852,70,1122,852,757,3366,861,427,1122,0.7593582887700535,0.062388591800356503,0.7593582887700535,0.6746880570409982,0.767379679144385,0.3805704099821747,0.8048128342245989,0.767379679144385,0.8906714200831848,0.3805704099821747,0.7954545454545454,0.7631461675579323
003,"[0, 0, 0, 0, 0, 0, 0, 0, 0, 0, 0, 0]",0,0,0,0,0,0,0,0,0,NaN,NaN,NaN,NaN,NaN,NaN,NaN,NaN,NaN,NaN,NaN,NaN
012,"[0, 0, 0, 0, 0, 0, 0, 0, 0, 0, 0, 0]",0,0,0,0,0,0,0,0,0,NaN,NaN,NaN,NaN,NaN,NaN,NaN,NaN,NaN,NaN,NaN,NaN
021D,"[0, 0, 0, 0, 0, 0, 0, 0, 0, 0, 0, 0]",0,0,0,0,0,0,0,0,0,NaN,NaN,NaN,NaN,NaN,NaN,NaN,NaN,NaN,NaN,NaN,NaN
030T,"[358, 479, 72, 127, 160, 95, 179, 433, 0, 0, 0, 0]",1144,1736,1903,1144,1736,1903,0,0,0,0.6011560693641619,0.9122438255386233,0.6011560693641619,0.9122438255386233,0.0,0.0,0.6011560693641619,NaN,0.9122438255386233,NaN,0.6011560693641619,0.9122438255386233
021U,"[0, 0, 0, 0, 0, 0, 0, 0, 0, 0, 0, 0]",0,0,0,0,0,0,0,0,0,NaN,NaN,NaN,NaN,NaN,NaN,NaN,NaN,NaN,NaN,NaN,NaN
300,"[0, 56, 53, 52, 52, 53, 56, 2372, 0, 53, 55, 790]",412,1,449,412,387,2694,412,45,898,0.9175946547884187,0.0022271714922048997,0.9175946547884187,0.8619153674832962,0.9175946547884187,0.10022271714922049,0.9402375649591685,0.9387527839643652,0.9606533036377134,0.12026726057906459,0.9398663697104677,0.7505567928730512
102,"[0, 0, 0, 0, 0, 0, 0, 0, 0, 0, 0, 0]",0,0,0,0,0,0,0,0,0,NaN,NaN,NaN,NaN,NaN,NaN,NaN,NaN,NaN,NaN,NaN,NaN
021C,"[0, 0, 0, 0, 0, 0, 0, 0, 0, 0, 0, 0]",0,0,0,0,0,0,0,0,0,NaN,NaN,NaN,NaN,NaN,NaN,NaN,NaN,NaN,NaN,NaN,NaN
120U,"[92, 82, 67, 31, 316, 166, 181, 1079, 0, 0, 0, 0]",752,778,1007,752,778,2014,0,0,0,0.746772591857001,0.7725918570009931,0.746772591857001,0.7725918570009931,0.0,0.0,0.7666335650446872,NaN,0.8843098311817279,NaN,0.7666335650446872,0.8843098311817279
