triad,n_arr,n_bal,n_hier,n_tot,n_trans_bal,n_trans_hier,n_trans_tot,n_cyclic_bal,n_cyclic_hier,n_cyclic_tot,per_bal,per_hier,per_trans_bal,per_trans_hier,per_cyclic_bal,per_cyclic_hier,per_trans_bal_sep,per_cyclic_bal_sep,per_trans_hier_sep,per_cyclic_hier_sep,per_bal_sep,per_hier_sep
030C,"[0, 0, 0, 0, 0, 0, 0, 0, 10, 83, 129, 33]",116,212,255,0,0,0,116,212,255,0.4549019607843137,0.8313725490196079,0.0,0.0,0.4549019607843137,0.8313725490196079,NaN,0.4549019607843137,NaN,0.8313725490196079,0.4549019607843137,0.8313725490196078
111U,"[0, 0, 0, 0, 0, 0, 0, 0, 0, 0, 0, 0]",0,0,0,0,0,0,0,0,0,NaN,NaN,NaN,NaN,NaN,NaN,NaN,NaN,NaN,NaN,NaN,NaN
120D,"[140, 1004, 30, 181, 64, 147, 127, 1383, 0, 0, 0, 0]",1192,1362,1538,1192,1362,3076,0,0,0,0.7750325097529259,0.8855656697009102,0.7750325097529259,0.8855656697009102,0.0,0.0,0.8065669700910273,NaN,0.9424577373211963,NaN,0.8065669700910273,0.9424577373211963
120C,"[59, 107, 142, 225, 46, 30, 267, 399, 43, 299, 575, 358]",609,708,1275,694,1103,1275,657,874,1275,0.4776470588235294,0.5552941176470588,0.5443137254901961,0.8650980392156863,0.5152941176470588,0.6854901960784314,0.5443137254901961,0.5152941176470588,0.8650980392156863,0.6854901960784314,0.5298039215686274,0.7752941176470588
201,"[0, 0, 0, 0, 0, 0, 0, 0, 0, 0, 0, 0]",0,0,0,0,0,0,0,0,0,NaN,NaN,NaN,NaN,NaN,NaN,NaN,NaN,NaN,NaN,NaN,NaN
111D,"[0, 0, 0, 0, 0, 0, 0, 0, 0, 0, 0, 0]",0,0,0,0,0,0,0,0,0,NaN,NaN,NaN,NaN,NaN,NaN,NaN,NaN,NaN,NaN,NaN,NaN
210,"[140, 490, 265, 518, 242, 456, 653, 4262, 38, 286, 699, 1319]",1510,338,2342,1510,1655,7026,1605,985,2342,0.6447480785653288,0.1443210930828352,0.6447480785653288,0.7066609735269,0.6853116994022204,0.42058070025619126,0.7485055508112725,0.6853116994022204,0.8973811557073726,0.42058070025619126,0.7327070879590094,0.7781810418445773
003,"[0, 0, 0, 0, 0, 0, 0, 0, 0, 0, 0, 0]",0,0,0,0,0,0,0,0,0,NaN,NaN,NaN,NaN,NaN,NaN,NaN,NaN,NaN,NaN,NaN,NaN
012,"[0, 0, 0, 0, 0, 0, 0, 0, 0, 0, 0, 0]",0,0,0,0,0,0,0,0,0,NaN,NaN,NaN,NaN,NaN,NaN,NaN,NaN,NaN,NaN,NaN,NaN
021D,"[0, 0, 0, 0, 0, 0, 0, 0, 0, 0, 0, 0]",0,0,0,0,0,0,0,0,0,NaN,NaN,NaN,NaN,NaN,NaN,NaN,NaN,NaN,NaN,NaN,NaN
030T,"[456, 873, 201, 394, 197, 212, 497, 1604, 0, 0, 0, 0]",2875,4021,4434,2875,4021,4434,0,0,0,0.6483987370320252,0.9068561118628777,0.6483987370320252,0.9068561118628777,0.0,0.0,0.6483987370320252,NaN,0.9068561118628777,NaN,0.6483987370320252,0.9068561118628777
021U,"[0, 0, 0, 0, 0, 0, 0, 0, 0, 0, 0, 0]",0,0,0,0,0,0,0,0,0,NaN,NaN,NaN,NaN,NaN,NaN,NaN,NaN,NaN,NaN,NaN,NaN
300,"[32, 114, 77, 191, 82, 186, 223, 4549, 11, 76, 229, 1502]",736,23,909,736,737,5454,737,110,1818,0.8096809680968097,0.025302530253025302,0.8096809680968097,0.8107810781078107,0.8107810781078107,0.12101210121012101,0.8841217455078841,0.8679867986798679,0.9517785111844518,0.16776677667766776,0.8800880088008801,0.7557755775577557
102,"[0, 0, 0, 0, 0, 0, 0, 0, 0, 0, 0, 0]",0,0,0,0,0,0,0,0,0,NaN,NaN,NaN,NaN,NaN,NaN,NaN,NaN,NaN,NaN,NaN,NaN
021C,"[0, 0, 0, 0, 0, 0, 0, 0, 0, 0, 0, 0]",0,0,0,0,0,0,0,0,0,NaN,NaN,NaN,NaN,NaN,NaN,NaN,NaN,NaN,NaN,NaN,NaN
120U,"[134, 279, 173, 189, 356, 483, 589, 3117, 0, 0, 0, 0]",1816,2029,2660,1816,2029,5320,0,0,0,0.6827067669172933,0.762781954887218,0.6827067669172933,0.762781954887218,0.0,0.0,0.7377819548872181,NaN,0.8766917293233083,NaN,0.7377819548872181,0.8766917293233083
