triad,n_arr,n_bal,n_hier,n_tot,n_trans_bal,n_trans_hier,n_trans_tot,n_cyclic_bal,n_cyclic_hier,n_cyclic_tot,per_bal,per_hier,per_trans_bal,per_trans_hier,per_cyclic_bal,per_cyclic_hier,per_trans_bal_sep,per_cyclic_bal_sep,per_trans_hier_sep,per_cyclic_hier_sep,per_bal_sep,per_hier_sep
030C,"[0, 0, 0, 0, 0, 0, 0, 0, 2, 25, 62, 48]",73,87,137,0,0,0,73,87,137,0.5328467153284672,0.635036496350365,0.0,0.0,0.5328467153284672,0.635036496350365,NaN,0.5328467153284672,NaN,0.635036496350365,0.5328467153284672,0.635036496350365
111U,"[0, 0, 0, 0, 0, 0, 0, 0, 0, 0, 0, 0]",0,0,0,0,0,0,0,0,0,NaN,NaN,NaN,NaN,NaN,NaN,NaN,NaN,NaN,NaN,NaN,NaN
120D,"[20, 88, 16, 72, 13, 75, 56, 706, 0, 0, 0, 0]",397,436,523,397,436,1046,0,0,0,0.7590822179732314,0.8336520076481836,0.7590822179732314,0.8336520076481836,0.0,0.0,0.7868068833652008,NaN,0.9130019120458891,NaN,0.7868068833652008,0.9130019120458891
120C,"[1, 9, 25, 61, 12, 10, 71, 295, 2, 41, 163, 278]",305,177,484,341,449,484,319,204,484,0.6301652892561983,0.365702479338843,0.7045454545454546,0.9276859504132231,0.6590909090909091,0.4214876033057851,0.7045454545454546,0.6590909090909091,0.9276859504132231,0.4214876033057851,0.6818181818181818,0.6745867768595042
201,"[0, 0, 0, 0, 0, 0, 0, 0, 0, 0, 0, 0]",0,0,0,0,0,0,0,0,0,NaN,NaN,NaN,NaN,NaN,NaN,NaN,NaN,NaN,NaN,NaN,NaN
111D,"[0, 0, 0, 0, 0, 0, 0, 0, 0, 0, 0, 0]",0,0,0,0,0,0,0,0,0,NaN,NaN,NaN,NaN,NaN,NaN,NaN,NaN,NaN,NaN,NaN,NaN
210,"[10, 56, 29, 183, 41, 154, 172, 2004, 3, 30, 200, 650]",629,98,883,629,709,2649,680,230,883,0.7123442808607021,0.11098527746319366,0.7123442808607021,0.8029445073612684,0.7701019252548131,0.26047565118912797,0.8040770101925255,0.7701019252548131,0.9309173272933182,0.26047565118912797,0.7955832389580973,0.7633069082672707
003,"[0, 0, 0, 0, 0, 0, 0, 0, 0, 0, 0, 0]",0,0,0,0,0,0,0,0,0,NaN,NaN,NaN,NaN,NaN,NaN,NaN,NaN,NaN,NaN,NaN,NaN
012,"[0, 0, 0, 0, 0, 0, 0, 0, 0, 0, 0, 0]",0,0,0,0,0,0,0,0,0,NaN,NaN,NaN,NaN,NaN,NaN,NaN,NaN,NaN,NaN,NaN,NaN
021D,"[0, 0, 0, 0, 0, 0, 0, 0, 0, 0, 0, 0]",0,0,0,0,0,0,0,0,0,NaN,NaN,NaN,NaN,NaN,NaN,NaN,NaN,NaN,NaN,NaN,NaN
030T,"[16, 79, 23, 79, 61, 61, 219, 888, 0, 0, 0, 0]",1051,1342,1426,1051,1342,1426,0,0,0,0.7370266479663394,0.94109396914446,0.7370266479663394,0.94109396914446,0.0,0.0,0.7370266479663394,NaN,0.94109396914446,NaN,0.7370266479663394,0.94109396914446
021U,"[0, 0, 0, 0, 0, 0, 0, 0, 0, 0, 0, 0]",0,0,0,0,0,0,0,0,0,NaN,NaN,NaN,NaN,NaN,NaN,NaN,NaN,NaN,NaN,NaN,NaN
300,"[0, 18, 15, 57, 14, 58, 61, 1625, 0, 15, 60, 541]",255,2,308,255,255,1848,256,20,616,0.827922077922078,0.006493506493506494,0.827922077922078,0.827922077922078,0.8311688311688312,0.06493506493506493,0.9047619047619048,0.9025974025974026,0.9604978354978355,0.12175324675324675,0.9042207792207793,0.7508116883116883
102,"[0, 0, 0, 0, 0, 0, 0, 0, 0, 0, 0, 0]",0,0,0,0,0,0,0,0,0,NaN,NaN,NaN,NaN,NaN,NaN,NaN,NaN,NaN,NaN,NaN,NaN
021C,"[0, 0, 0, 0, 0, 0, 0, 0, 0, 0, 0, 0]",0,0,0,0,0,0,0,0,0,NaN,NaN,NaN,NaN,NaN,NaN,NaN,NaN,NaN,NaN,NaN,NaN
120U,"[12, 36, 19, 82, 90, 115, 132, 1424, 0, 0, 0, 0]",734,829,955,734,829,1910,0,0,0,0.768586387434555,0.8680628272251308,0.768586387434555,0.8680628272251308,0.0,0.0,0.8214659685863874,NaN,0.9298429319371728,NaN,0.8214659685863874,0.9298429319371728
