triad,n_arr,n_bal,n_hier,n_tot,n_trans_bal,n_trans_hier,n_trans_tot,n_cyclic_bal,n_cyclic_hier,n_cyclic_tot,per_bal,per_hier,per_trans_bal,per_trans_hier,per_cyclic_bal,per_cyclic_hier,per_trans_bal_sep,per_cyclic_bal_sep,per_trans_hier_sep,per_cyclic_hier_sep,per_bal_sep,per_hier_sep
030C,"[0, 0, 0, 0, 0, 0, 0, 0, 0, 12, 8, 4]",16,20,24,0,0,0,16,20,24,0.6666666666666666,0.8333333333333334,0.0,0.0,0.6666666666666666,0.8333333333333334,NaN,0.6666666666666666,NaN,0.8333333333333334,0.6666666666666666,0.8333333333333334
111U,"[0, 0, 0, 0, 0, 0, 0, 0, 0, 0, 0, 0]",0,0,0,0,0,0,0,0,0,NaN,NaN,NaN,NaN,NaN,NaN,NaN,NaN,NaN,NaN,NaN,NaN
120D,"[5, 67, 3, 26, 3, 26, 21, 485, 0, 0, 0, 0]",274,290,318,274,290,636,0,0,0,0.8616352201257862,0.9119496855345912,0.8616352201257862,0.9119496855345912,0.0,0.0,0.8773584905660378,NaN,0.9544025157232704,NaN,0.8773584905660378,0.9544025157232704
120C,"[1, 1, 6, 29, 5, 4, 21, 95, 0, 14, 56, 92]",102,62,162,107,152,162,106,70,162,0.6296296296296297,0.38271604938271603,0.6604938271604939,0.9382716049382716,0.654320987654321,0.43209876543209874,0.6604938271604939,0.654320987654321,0.9382716049382716,0.43209876543209874,0.6574074074074074,0.6851851851851851
201,"[0, 0, 0, 0, 0, 0, 0, 0, 0, 0, 0, 0]",0,0,0,0,0,0,0,0,0,NaN,NaN,NaN,NaN,NaN,NaN,NaN,NaN,NaN,NaN,NaN,NaN
111D,"[0, 0, 0, 0, 0, 0, 0, 0, 0, 0, 0, 0]",0,0,0,0,0,0,0,0,0,NaN,NaN,NaN,NaN,NaN,NaN,NaN,NaN,NaN,NaN,NaN,NaN
210,"[0, 7, 4, 27, 5, 26, 33, 930, 0, 4, 34, 306]",304,14,344,304,314,1032,310,38,344,0.8837209302325582,0.040697674418604654,0.8837209302325582,0.9127906976744186,0.9011627906976745,0.11046511627906977,0.9166666666666666,0.9011627906976745,0.9709302325581395,0.11046511627906977,0.9127906976744186,0.7558139534883721
003,"[0, 0, 0, 0, 0, 0, 0, 0, 0, 0, 0, 0]",0,0,0,0,0,0,0,0,0,NaN,NaN,NaN,NaN,NaN,NaN,NaN,NaN,NaN,NaN,NaN,NaN
012,"[0, 0, 0, 0, 0, 0, 0, 0, 0, 0, 0, 0]",0,0,0,0,0,0,0,0,0,NaN,NaN,NaN,NaN,NaN,NaN,NaN,NaN,NaN,NaN,NaN,NaN
021D,"[0, 0, 0, 0, 0, 0, 0, 0, 0, 0, 0, 0]",0,0,0,0,0,0,0,0,0,NaN,NaN,NaN,NaN,NaN,NaN,NaN,NaN,NaN,NaN,NaN,NaN
030T,"[9, 48, 2, 56, 16, 28, 54, 591, 0, 0, 0, 0]",657,774,804,657,774,804,0,0,0,0.8171641791044776,0.9626865671641791,0.8171641791044776,0.9626865671641791,0.0,0.0,0.8171641791044776,NaN,0.9626865671641791,NaN,0.8171641791044776,0.9626865671641791
021U,"[0, 0, 0, 0, 0, 0, 0, 0, 0, 0, 0, 0]",0,0,0,0,0,0,0,0,0,NaN,NaN,NaN,NaN,NaN,NaN,NaN,NaN,NaN,NaN,NaN,NaN
300,"[0, 0, 0, 6, 0, 6, 6, 660, 0, 0, 6, 220]",107,0,113,107,107,678,107,0,226,0.9469026548672567,0.0,0.9469026548672567,0.9469026548672567,0.9469026548672567,0.0,0.9734513274336283,0.9734513274336283,0.9911504424778761,0.02654867256637168,0.9734513274336283,0.75
102,"[0, 0, 0, 0, 0, 0, 0, 0, 0, 0, 0, 0]",0,0,0,0,0,0,0,0,0,NaN,NaN,NaN,NaN,NaN,NaN,NaN,NaN,NaN,NaN,NaN,NaN
021C,"[0, 0, 0, 0, 0, 0, 0, 0, 0, 0, 0, 0]",0,0,0,0,0,0,0,0,0,NaN,NaN,NaN,NaN,NaN,NaN,NaN,NaN,NaN,NaN,NaN,NaN
120U,"[5, 3, 2, 11, 51, 23, 24, 809, 0, 0, 0, 0]",428,439,464,428,439,928,0,0,0,0.9224137931034483,0.9461206896551724,0.9224137931034483,0.9461206896551724,0.0,0.0,0.9321120689655172,NaN,0.9730603448275862,NaN,0.9321120689655172,0.9730603448275862
