triad,n_arr,n_bal,n_hier,n_tot,n_trans_bal,n_trans_hier,n_trans_tot,n_cyclic_bal,n_cyclic_hier,n_cyclic_tot,per_bal,per_hier,per_trans_bal,per_trans_hier,per_cyclic_bal,per_cyclic_hier,per_trans_bal_sep,per_cyclic_bal_sep,per_trans_hier_sep,per_cyclic_hier_sep,per_bal_sep,per_hier_sep
030C,"[0, 0, 0, 0, 0, 0, 0, 0, 9, 77, 171, 122]",199,248,379,0,0,0,199,248,379,0.525065963060686,0.6543535620052771,0.0,0.0,0.525065963060686,0.6543535620052771,NaN,0.525065963060686,NaN,0.6543535620052771,0.525065963060686,0.6543535620052771
111U,"[0, 0, 0, 0, 0, 0, 0, 0, 0, 0, 0, 0]",0,0,0,0,0,0,0,0,0,NaN,NaN,NaN,NaN,NaN,NaN,NaN,NaN,NaN,NaN,NaN,NaN
120D,"[155, 3259, 118, 1830, 173, 1775, 341, 9779, 0, 0, 0, 0]",6445,6874,8715,6445,6874,17430,0,0,0,0.7395295467584624,0.7887550200803213,0.7395295467584624,0.7887550200803213,0.0,0.0,0.7647160068846816,NaN,0.8913941480206541,NaN,0.7647160068846816,0.8913941480206541
120C,"[32, 140, 252, 844, 47, 96, 475, 1814, 16, 409, 1541, 1734]",2038,1635,3700,2253,3352,3700,2143,1950,3700,0.5508108108108108,0.4418918918918919,0.6089189189189189,0.9059459459459459,0.5791891891891892,0.527027027027027,0.6089189189189189,0.5791891891891892,0.9059459459459459,0.527027027027027,0.5940540540540541,0.7164864864864865
201,"[0, 0, 0, 0, 0, 0, 0, 0, 0, 0, 0, 0]",0,0,0,0,0,0,0,0,0,NaN,NaN,NaN,NaN,NaN,NaN,NaN,NaN,NaN,NaN,NaN,NaN
111D,"[0, 0, 0, 0, 0, 0, 0, 0, 0, 0, 0, 0]",0,0,0,0,0,0,0,0,0,NaN,NaN,NaN,NaN,NaN,NaN,NaN,NaN,NaN,NaN,NaN,NaN
210,"[142, 1133, 621, 2854, 672, 2222, 2351, 27331, 30, 663, 2951, 8798]",8916,1280,12442,8916,9758,37326,9461,3614,12442,0.716605047420029,0.10287735090821411,0.716605047420029,0.7842790548143386,0.760408294486417,0.2904677704549108,0.7972190966082623,0.760408294486417,0.923833252960403,0.2904677704549108,0.788016396077801,0.7654918823340299
003,"[0, 0, 0, 0, 0, 0, 0, 0, 0, 0, 0, 0]",0,0,0,0,0,0,0,0,0,NaN,NaN,NaN,NaN,NaN,NaN,NaN,NaN,NaN,NaN,NaN,NaN
012,"[0, 0, 0, 0, 0, 0, 0, 0, 0, 0, 0, 0]",0,0,0,0,0,0,0,0,0,NaN,NaN,NaN,NaN,NaN,NaN,NaN,NaN,NaN,NaN,NaN,NaN
021D,"[0, 0, 0, 0, 0, 0, 0, 0, 0, 0, 0, 0]",0,0,0,0,0,0,0,0,0,NaN,NaN,NaN,NaN,NaN,NaN,NaN,NaN,NaN,NaN,NaN,NaN
030T,"[486, 1908, 388, 1530, 665, 1253, 916, 5880, 0, 0, 0, 0]",8841,11385,13026,8841,11385,13026,0,0,0,0.6787194841087056,0.8740211883924459,0.6787194841087056,0.8740211883924459,0.0,0.0,0.6787194841087056,NaN,0.8740211883924459,NaN,0.6787194841087056,0.8740211883924459
021U,"[0, 0, 0, 0, 0, 0, 0, 0, 0, 0, 0, 0]",0,0,0,0,0,0,0,0,0,NaN,NaN,NaN,NaN,NaN,NaN,NaN,NaN,NaN,NaN,NaN,NaN
300,"[72, 402, 323, 1624, 480, 1467, 1546, 41756, 15, 350, 1676, 13849]",6593,145,7945,6593,6659,47670,6626,596,15890,0.8298300818124607,0.01825047199496539,0.8298300818124607,0.8381371932032725,0.8339836375078666,0.0750157331655129,0.9012166981329977,0.8935808684707364,0.9624501783092092,0.1275015733165513,0.8993077407174324,0.7537130270610447
102,"[0, 0, 0, 0, 0, 0, 0, 0, 0, 0, 0, 0]",0,0,0,0,0,0,0,0,0,NaN,NaN,NaN,NaN,NaN,NaN,NaN,NaN,NaN,NaN,NaN,NaN
021C,"[0, 0, 0, 0, 0, 0, 0, 0, 0, 0, 0, 0]",0,0,0,0,0,0,0,0,0,NaN,NaN,NaN,NaN,NaN,NaN,NaN,NaN,NaN,NaN,NaN,NaN
120U,"[303, 470, 312, 741, 1669, 1692, 1850, 16923, 0, 0, 0, 0]",9267,10043,11980,9267,10043,23960,0,0,0,0.7735392320534223,0.838313856427379,0.7735392320534223,0.838313856427379,0.0,0.0,0.8085976627712855,NaN,0.9163606010016695,NaN,0.8085976627712855,0.9163606010016695
