triad,n_arr,n_bal,n_hier,n_tot,n_trans_bal,n_trans_hier,n_trans_tot,n_cyclic_bal,n_cyclic_hier,n_cyclic_tot,per_bal,per_hier,per_trans_bal,per_trans_hier,per_cyclic_bal,per_cyclic_hier,per_trans_bal_sep,per_cyclic_bal_sep,per_trans_hier_sep,per_cyclic_hier_sep,per_bal_sep,per_hier_sep
030C,"[0, 0, 0, 0, 0, 0, 0, 0, 0, 3, 13, 9]",12,16,25,0,0,0,12,16,25,0.48,0.64,0.0,0.0,0.48,0.64,NaN,0.48,NaN,0.64,0.48,0.64
111U,"[0, 0, 0, 0, 0, 0, 0, 0, 0, 0, 0, 0]",0,0,0,0,0,0,0,0,0,NaN,NaN,NaN,NaN,NaN,NaN,NaN,NaN,NaN,NaN,NaN,NaN
120D,"[40, 306, 1, 18, 7, 12, 7, 171, 0, 0, 0, 0]",225,268,281,225,268,562,0,0,0,0.800711743772242,0.9537366548042705,0.800711743772242,0.9537366548042705,0.0,0.0,0.8629893238434164,NaN,0.9768683274021353,NaN,0.8629893238434164,0.9768683274021353
120C,"[8, 3, 12, 26, 5, 4, 33, 53, 4, 22, 72, 46]",60,79,144,73,128,144,68,94,144,0.4166666666666667,0.5486111111111112,0.5069444444444444,0.8888888888888888,0.4722222222222222,0.6527777777777778,0.5069444444444444,0.4722222222222222,0.8888888888888888,0.6527777777777778,0.4895833333333333,0.7708333333333334
201,"[0, 0, 0, 0, 0, 0, 0, 0, 0, 0, 0, 0]",0,0,0,0,0,0,0,0,0,NaN,NaN,NaN,NaN,NaN,NaN,NaN,NaN,NaN,NaN,NaN,NaN
111D,"[0, 0, 0, 0, 0, 0, 0, 0, 0, 0, 0, 0]",0,0,0,0,0,0,0,0,0,NaN,NaN,NaN,NaN,NaN,NaN,NaN,NaN,NaN,NaN,NaN,NaN
210,"[7, 46, 9, 55, 31, 35, 69, 453, 0, 13, 88, 134]",134,66,235,134,194,705,147,101,235,0.5702127659574469,0.28085106382978725,0.5702127659574469,0.825531914893617,0.625531914893617,0.4297872340425532,0.7645390070921986,0.625531914893617,0.9375886524822695,0.4297872340425532,0.7297872340425532,0.8106382978723404
003,"[0, 0, 0, 0, 0, 0, 0, 0, 0, 0, 0, 0]",0,0,0,0,0,0,0,0,0,NaN,NaN,NaN,NaN,NaN,NaN,NaN,NaN,NaN,NaN,NaN,NaN
012,"[0, 0, 0, 0, 0, 0, 0, 0, 0, 0, 0, 0]",0,0,0,0,0,0,0,0,0,NaN,NaN,NaN,NaN,NaN,NaN,NaN,NaN,NaN,NaN,NaN,NaN
021D,"[0, 0, 0, 0, 0, 0, 0, 0, 0, 0, 0, 0]",0,0,0,0,0,0,0,0,0,NaN,NaN,NaN,NaN,NaN,NaN,NaN,NaN,NaN,NaN,NaN,NaN
030T,"[141, 247, 13, 27, 38, 33, 37, 130, 0, 0, 0, 0]",428,620,666,428,620,666,0,0,0,0.6426426426426426,0.9309309309309309,0.6426426426426426,0.9309309309309309,0.0,0.0,0.6426426426426426,NaN,0.9309309309309309,NaN,0.6426426426426426,0.9309309309309309
021U,"[0, 0, 0, 0, 0, 0, 0, 0, 0, 0, 0, 0]",0,0,0,0,0,0,0,0,0,NaN,NaN,NaN,NaN,NaN,NaN,NaN,NaN,NaN,NaN,NaN,NaN
300,"[0, 6, 2, 25, 8, 19, 23, 535, 0, 2, 29, 175]",81,5,103,81,86,618,81,9,206,0.7864077669902912,0.04854368932038835,0.7864077669902912,0.8349514563106796,0.7864077669902912,0.08737864077669903,0.8915857605177994,0.8592233009708737,0.9660194174757282,0.15048543689320387,0.883495145631068,0.7621359223300971
102,"[0, 0, 0, 0, 0, 0, 0, 0, 0, 0, 0, 0]",0,0,0,0,0,0,0,0,0,NaN,NaN,NaN,NaN,NaN,NaN,NaN,NaN,NaN,NaN,NaN,NaN
021C,"[0, 0, 0, 0, 0, 0, 0, 0, 0, 0, 0, 0]",0,0,0,0,0,0,0,0,0,NaN,NaN,NaN,NaN,NaN,NaN,NaN,NaN,NaN,NaN,NaN,NaN
120U,"[13, 32, 5, 15, 49, 27, 54, 285, 0, 0, 0, 0]",164,208,240,164,208,480,0,0,0,0.6833333333333333,0.8666666666666667,0.6833333333333333,0.8666666666666667,0.0,0.0,0.7729166666666667,NaN,0.9333333333333333,NaN,0.7729166666666667,0.9333333333333333
