triad,n_arr,n_bal,n_hier,n_tot,n_trans_bal,n_trans_hier,n_trans_tot,n_cyclic_bal,n_cyclic_hier,n_cyclic_tot,per_bal,per_hier,per_trans_bal,per_trans_hier,per_cyclic_bal,per_cyclic_hier,per_trans_bal_sep,per_cyclic_bal_sep,per_trans_hier_sep,per_cyclic_hier_sep,per_bal_sep,per_hier_sep
030C,"[0, 0, 0, 0, 0, 0, 0, 0, 0, 22, 28, 15]",37,50,65,0,0,0,37,50,65,0.5692307692307692,0.7692307692307693,0.0,0.0,0.5692307692307692,0.7692307692307693,NaN,0.5692307692307692,NaN,0.7692307692307693,0.5692307692307692,0.7692307692307692
111U,"[0, 0, 0, 0, 0, 0, 0, 0, 0, 0, 0, 0]",0,0,0,0,0,0,0,0,0,NaN,NaN,NaN,NaN,NaN,NaN,NaN,NaN,NaN,NaN,NaN,NaN
120D,"[331, 1681, 43, 119, 45, 117, 66, 430, 0, 0, 0, 0]",1043,1263,1416,1043,1263,2832,0,0,0,0.7365819209039548,0.8919491525423728,0.7365819209039548,0.8919491525423728,0.0,0.0,0.7764830508474576,NaN,0.943502824858757,NaN,0.7764830508474576,0.943502824858757
120C,"[29, 55, 31, 53, 15, 11, 73, 126, 24, 105, 162, 102]",183,230,393,227,351,393,207,267,393,0.46564885496183206,0.5852417302798982,0.5776081424936387,0.8931297709923665,0.5267175572519084,0.6793893129770993,0.5776081424936387,0.5267175572519084,0.8931297709923665,0.6793893129770993,0.5521628498727735,0.7862595419847328
201,"[0, 0, 0, 0, 0, 0, 0, 0, 0, 0, 0, 0]",0,0,0,0,0,0,0,0,0,NaN,NaN,NaN,NaN,NaN,NaN,NaN,NaN,NaN,NaN,NaN,NaN
111D,"[0, 0, 0, 0, 0, 0, 0, 0, 0, 0, 0, 0]",0,0,0,0,0,0,0,0,0,NaN,NaN,NaN,NaN,NaN,NaN,NaN,NaN,NaN,NaN,NaN,NaN
210,"[104, 335, 194, 204, 123, 202, 278, 1134, 25, 216, 265, 352]",512,119,858,512,476,2574,568,481,858,0.5967365967365967,0.1386946386946387,0.5967365967365967,0.5547785547785548,0.662004662004662,0.5606060606060606,0.6938616938616938,0.662004662004662,0.8461538461538461,0.5606060606060606,0.6858974358974359,0.7747668997668997
003,"[0, 0, 0, 0, 0, 0, 0, 0, 0, 0, 0, 0]",0,0,0,0,0,0,0,0,0,NaN,NaN,NaN,NaN,NaN,NaN,NaN,NaN,NaN,NaN,NaN,NaN
012,"[0, 0, 0, 0, 0, 0, 0, 0, 0, 0, 0, 0]",0,0,0,0,0,0,0,0,0,NaN,NaN,NaN,NaN,NaN,NaN,NaN,NaN,NaN,NaN,NaN,NaN
021D,"[0, 0, 0, 0, 0, 0, 0, 0, 0, 0, 0, 0]",0,0,0,0,0,0,0,0,0,NaN,NaN,NaN,NaN,NaN,NaN,NaN,NaN,NaN,NaN,NaN,NaN
030T,"[682, 950, 67, 109, 188, 115, 190, 273, 0, 0, 0, 0]",1478,2392,2574,1478,2392,2574,0,0,0,0.5742035742035742,0.9292929292929293,0.5742035742035742,0.9292929292929293,0.0,0.0,0.5742035742035742,NaN,0.9292929292929293,NaN,0.5742035742035742,0.9292929292929293
021U,"[0, 0, 0, 0, 0, 0, 0, 0, 0, 0, 0, 0]",0,0,0,0,0,0,0,0,0,NaN,NaN,NaN,NaN,NaN,NaN,NaN,NaN,NaN,NaN,NaN,NaN
300,"[23, 87, 74, 109, 81, 102, 115, 1161, 5, 82, 114, 383]",204,10,292,204,184,1752,208,78,584,0.6986301369863014,0.03424657534246575,0.6986301369863014,0.6301369863013698,0.7123287671232876,0.2671232876712329,0.8007990867579908,0.7962328767123288,0.8995433789954338,0.3356164383561644,0.7996575342465754,0.7585616438356164
102,"[0, 0, 0, 0, 0, 0, 0, 0, 0, 0, 0, 0]",0,0,0,0,0,0,0,0,0,NaN,NaN,NaN,NaN,NaN,NaN,NaN,NaN,NaN,NaN,NaN,NaN
021C,"[0, 0, 0, 0, 0, 0, 0, 0, 0, 0, 0, 0]",0,0,0,0,0,0,0,0,0,NaN,NaN,NaN,NaN,NaN,NaN,NaN,NaN,NaN,NaN,NaN,NaN
120U,"[470, 143, 83, 55, 330, 160, 220, 491, 0, 0, 0, 0]",453,745,976,453,745,1952,0,0,0,0.4641393442622951,0.7633196721311475,0.4641393442622951,0.7633196721311475,0.0,0.0,0.5363729508196722,NaN,0.8755122950819672,NaN,0.5363729508196722,0.8755122950819672
