triad,n_arr,n_bal,n_hier,n_tot,n_trans_bal,n_trans_hier,n_trans_tot,n_cyclic_bal,n_cyclic_hier,n_cyclic_tot,per_bal,per_hier,per_trans_bal,per_trans_hier,per_cyclic_bal,per_cyclic_hier,per_trans_bal_sep,per_cyclic_bal_sep,per_trans_hier_sep,per_cyclic_hier_sep,per_bal_sep,per_hier_sep
030C,"[0, 0, 0, 0, 0, 0, 0, 0, 1, 3, 2, 0]",3,5,6,0,0,0,3,5,6,0.5,0.8333333333333334,0.0,0.0,0.5,0.8333333333333334,NaN,0.5,NaN,0.8333333333333334,0.5,0.8333333333333334
111U,"[0, 0, 0, 0, 0, 0, 0, 0, 0, 0, 0, 0]",0,0,0,0,0,0,0,0,0,NaN,NaN,NaN,NaN,NaN,NaN,NaN,NaN,NaN,NaN,NaN,NaN
120D,"[0, 46, 3, 23, 3, 23, 7, 63, 0, 0, 0, 0]",56,58,84,56,58,168,0,0,0,0.6666666666666666,0.6904761904761905,0.6666666666666666,0.6904761904761905,0.0,0.0,0.6845238095238095,NaN,0.8452380952380952,NaN,0.6845238095238095,0.8452380952380952
120C,"[2, 4, 23, 26, 3, 0, 29, 6, 2, 32, 53, 6]",36,62,93,36,70,93,38,85,93,0.3870967741935484,0.6666666666666666,0.3870967741935484,0.7526881720430108,0.40860215053763443,0.9139784946236559,0.3870967741935484,0.40860215053763443,0.7526881720430108,0.9139784946236559,0.3978494623655914,0.8333333333333334
201,"[0, 0, 0, 0, 0, 0, 0, 0, 0, 0, 0, 0]",0,0,0,0,0,0,0,0,0,NaN,NaN,NaN,NaN,NaN,NaN,NaN,NaN,NaN,NaN,NaN,NaN
111D,"[0, 0, 0, 0, 0, 0, 0, 0, 0, 0, 0, 0]",0,0,0,0,0,0,0,0,0,NaN,NaN,NaN,NaN,NaN,NaN,NaN,NaN,NaN,NaN,NaN,NaN
210,"[0, 32, 32, 49, 32, 39, 36, 194, 0, 32, 46, 60]",88,11,138,88,71,414,92,78,138,0.6376811594202898,0.07971014492753623,0.6376811594202898,0.5144927536231884,0.6666666666666666,0.5652173913043478,0.7004830917874396,0.6666666666666666,0.8285024154589372,0.5652173913043478,0.6920289855072463,0.7626811594202898
003,"[0, 0, 0, 0, 0, 0, 0, 0, 0, 0, 0, 0]",0,0,0,0,0,0,0,0,0,NaN,NaN,NaN,NaN,NaN,NaN,NaN,NaN,NaN,NaN,NaN,NaN
012,"[0, 0, 0, 0, 0, 0, 0, 0, 0, 0, 0, 0]",0,0,0,0,0,0,0,0,0,NaN,NaN,NaN,NaN,NaN,NaN,NaN,NaN,NaN,NaN,NaN,NaN
021D,"[0, 0, 0, 0, 0, 0, 0, 0, 0, 0, 0, 0]",0,0,0,0,0,0,0,0,0,NaN,NaN,NaN,NaN,NaN,NaN,NaN,NaN,NaN,NaN,NaN,NaN
030T,"[13, 6, 5, 11, 21, 1, 17, 15, 0, 0, 0, 0]",47,83,89,47,83,89,0,0,0,0.5280898876404494,0.9325842696629213,0.5280898876404494,0.9325842696629213,0.0,0.0,0.5280898876404494,NaN,0.9325842696629214,NaN,0.5280898876404494,0.9325842696629214
021U,"[0, 0, 0, 0, 0, 0, 0, 0, 0, 0, 0, 0]",0,0,0,0,0,0,0,0,0,NaN,NaN,NaN,NaN,NaN,NaN,NaN,NaN,NaN,NaN,NaN,NaN
300,"[0, 20, 18, 12, 18, 12, 14, 392, 0, 18, 14, 130]",73,1,81,73,65,486,73,15,162,0.9012345679012346,0.012345679012345678,0.9012345679012346,0.8024691358024691,0.9012345679012346,0.18518518518518517,0.9218106995884774,0.9135802469135802,0.9382716049382716,0.19753086419753085,0.9197530864197531,0.7530864197530864
102,"[0, 0, 0, 0, 0, 0, 0, 0, 0, 0, 0, 0]",0,0,0,0,0,0,0,0,0,NaN,NaN,NaN,NaN,NaN,NaN,NaN,NaN,NaN,NaN,NaN,NaN
021C,"[0, 0, 0, 0, 0, 0, 0, 0, 0, 0, 0, 0]",0,0,0,0,0,0,0,0,0,NaN,NaN,NaN,NaN,NaN,NaN,NaN,NaN,NaN,NaN,NaN,NaN
120U,"[4, 3, 3, 0, 50, 13, 13, 40, 0, 0, 0, 0]",48,47,63,48,47,126,0,0,0,0.7619047619047619,0.746031746031746,0.7619047619047619,0.746031746031746,0.0,0.0,0.7619047619047619,NaN,0.873015873015873,NaN,0.7619047619047619,0.873015873015873
