triad,n_arr,n_bal,n_hier,n_tot,n_trans_bal,n_trans_hier,n_trans_tot,n_cyclic_bal,n_cyclic_hier,n_cyclic_tot,per_bal,per_hier,per_trans_bal,per_trans_hier,per_cyclic_bal,per_cyclic_hier,per_trans_bal_sep,per_cyclic_bal_sep,per_trans_hier_sep,per_cyclic_hier_sep,per_bal_sep,per_hier_sep
030C,"[0, 0, 0, 0, 0, 0, 0, 0, 1, 8, 9, 8]",16,17,26,0,0,0,16,17,26,0.6153846153846154,0.6538461538461539,0.0,0.0,0.6153846153846154,0.6538461538461539,NaN,0.6153846153846154,NaN,0.6538461538461539,0.6153846153846154,0.6538461538461539
111U,"[0, 0, 0, 0, 0, 0, 0, 0, 0, 0, 0, 0]",0,0,0,0,0,0,0,0,0,NaN,NaN,NaN,NaN,NaN,NaN,NaN,NaN,NaN,NaN,NaN,NaN
120D,"[42, 314, 23, 136, 23, 136, 30, 342, 0, 0, 0, 0]",332,369,523,332,369,1046,0,0,0,0.6347992351816444,0.7055449330783938,0.6347992351816444,0.7055449330783938,0.0,0.0,0.6711281070745698,NaN,0.8479923518164436,NaN,0.6711281070745698,0.8479923518164436
120C,"[3, 4, 33, 18, 10, 7, 83, 64, 1, 48, 111, 62]",97,124,222,111,182,222,110,159,222,0.4369369369369369,0.5585585585585585,0.5,0.8198198198198198,0.4954954954954955,0.7162162162162162,0.5,0.4954954954954955,0.8198198198198199,0.7162162162162162,0.49774774774774777,0.7680180180180181
201,"[0, 0, 0, 0, 0, 0, 0, 0, 0, 0, 0, 0]",0,0,0,0,0,0,0,0,0,NaN,NaN,NaN,NaN,NaN,NaN,NaN,NaN,NaN,NaN,NaN,NaN
111D,"[0, 0, 0, 0, 0, 0, 0, 0, 0, 0, 0, 0]",0,0,0,0,0,0,0,0,0,NaN,NaN,NaN,NaN,NaN,NaN,NaN,NaN,NaN,NaN,NaN,NaN
210,"[29, 150, 84, 236, 82, 198, 258, 1351, 10, 95, 273, 418]",469,119,796,469,527,2388,513,368,796,0.5891959798994975,0.14949748743718594,0.5891959798994975,0.6620603015075377,0.6444723618090452,0.4623115577889447,0.698073701842546,0.6444723618090452,0.8819095477386935,0.4623115577889447,0.6846733668341709,0.7770100502512562
003,"[0, 0, 0, 0, 0, 0, 0, 0, 0, 0, 0, 0]",0,0,0,0,0,0,0,0,0,NaN,NaN,NaN,NaN,NaN,NaN,NaN,NaN,NaN,NaN,NaN,NaN
012,"[0, 0, 0, 0, 0, 0, 0, 0, 0, 0, 0, 0]",0,0,0,0,0,0,0,0,0,NaN,NaN,NaN,NaN,NaN,NaN,NaN,NaN,NaN,NaN,NaN,NaN
021D,"[0, 0, 0, 0, 0, 0, 0, 0, 0, 0, 0, 0]",0,0,0,0,0,0,0,0,0,NaN,NaN,NaN,NaN,NaN,NaN,NaN,NaN,NaN,NaN,NaN,NaN
030T,"[62, 61, 45, 56, 77, 38, 112, 226, 0, 0, 0, 0]",409,594,677,409,594,677,0,0,0,0.604135893648449,0.8774002954209749,0.604135893648449,0.8774002954209749,0.0,0.0,0.604135893648449,NaN,0.8774002954209749,NaN,0.604135893648449,0.8774002954209749
021U,"[0, 0, 0, 0, 0, 0, 0, 0, 0, 0, 0, 0]",0,0,0,0,0,0,0,0,0,NaN,NaN,NaN,NaN,NaN,NaN,NaN,NaN,NaN,NaN,NaN,NaN
300,"[1, 29, 26, 149, 39, 136, 139, 2721, 0, 27, 151, 902]",418,10,540,418,425,3240,420,53,1080,0.774074074074074,0.018518518518518517,0.774074074074074,0.7870370370370371,0.7777777777777778,0.09814814814814815,0.8688271604938271,0.8601851851851852,0.95,0.1648148148148148,0.8666666666666667,0.7537037037037038
102,"[0, 0, 0, 0, 0, 0, 0, 0, 0, 0, 0, 0]",0,0,0,0,0,0,0,0,0,NaN,NaN,NaN,NaN,NaN,NaN,NaN,NaN,NaN,NaN,NaN,NaN
021C,"[0, 0, 0, 0, 0, 0, 0, 0, 0, 0, 0, 0]",0,0,0,0,0,0,0,0,0,NaN,NaN,NaN,NaN,NaN,NaN,NaN,NaN,NaN,NaN,NaN,NaN
120U,"[11, 31, 24, 30, 125, 111, 118, 714, 0, 0, 0, 0]",431,451,582,431,451,1164,0,0,0,0.7405498281786942,0.7749140893470791,0.7405498281786942,0.7749140893470791,0.0,0.0,0.7680412371134021,NaN,0.884020618556701,NaN,0.7680412371134021,0.884020618556701
