triad,n_arr,n_bal,n_hier,n_tot,n_trans_bal,n_trans_hier,n_trans_tot,n_cyclic_bal,n_cyclic_hier,n_cyclic_tot,per_bal,per_hier,per_trans_bal,per_trans_hier,per_cyclic_bal,per_cyclic_hier,per_trans_bal_sep,per_cyclic_bal_sep,per_trans_hier_sep,per_cyclic_hier_sep,per_bal_sep,per_hier_sep
030C,"[0, 0, 0, 0, 0, 0, 0, 0, 2, 7, 26, 11]",18,33,46,0,0,0,18,33,46,0.391304347826087,0.717391304347826,0.0,0.0,0.391304347826087,0.717391304347826,NaN,0.391304347826087,NaN,0.717391304347826,0.391304347826087,0.7173913043478262
111U,"[0, 0, 0, 0, 0, 0, 0, 0, 0, 0, 0, 0]",0,0,0,0,0,0,0,0,0,NaN,NaN,NaN,NaN,NaN,NaN,NaN,NaN,NaN,NaN,NaN,NaN
120D,"[7, 103, 4, 34, 12, 26, 48, 410, 0, 0, 0, 0]",253,292,322,253,292,644,0,0,0,0.7857142857142857,0.906832298136646,0.7857142857142857,0.906832298136646,0.0,0.0,0.8214285714285714,NaN,0.953416149068323,NaN,0.8214285714285714,0.953416149068323
120C,"[11, 11, 19, 34, 12, 11, 55, 138, 11, 39, 113, 128]",158,127,291,180,261,291,167,152,291,0.5429553264604811,0.436426116838488,0.6185567010309279,0.8969072164948454,0.5738831615120275,0.5223367697594502,0.6185567010309279,0.5738831615120275,0.8969072164948454,0.5223367697594502,0.5962199312714777,0.7096219931271477
201,"[0, 0, 0, 0, 0, 0, 0, 0, 0, 0, 0, 0]",0,0,0,0,0,0,0,0,0,NaN,NaN,NaN,NaN,NaN,NaN,NaN,NaN,NaN,NaN,NaN,NaN
111D,"[0, 0, 0, 0, 0, 0, 0, 0, 0, 0, 0, 0]",0,0,0,0,0,0,0,0,0,NaN,NaN,NaN,NaN,NaN,NaN,NaN,NaN,NaN,NaN,NaN,NaN
210,"[31, 50, 48, 106, 59, 103, 136, 1489, 7, 58, 129, 480]",506,58,674,506,529,2022,538,187,674,0.7507418397626113,0.08605341246290801,0.7507418397626113,0.7848664688427299,0.798219584569733,0.2774480712166172,0.8140454995054401,0.798219584569733,0.9253214638971315,0.2774480712166172,0.8100890207715133,0.7633531157270029
003,"[0, 0, 0, 0, 0, 0, 0, 0, 0, 0, 0, 0]",0,0,0,0,0,0,0,0,0,NaN,NaN,NaN,NaN,NaN,NaN,NaN,NaN,NaN,NaN,NaN,NaN
012,"[0, 0, 0, 0, 0, 0, 0, 0, 0, 0, 0, 0]",0,0,0,0,0,0,0,0,0,NaN,NaN,NaN,NaN,NaN,NaN,NaN,NaN,NaN,NaN,NaN,NaN
021D,"[0, 0, 0, 0, 0, 0, 0, 0, 0, 0, 0, 0]",0,0,0,0,0,0,0,0,0,NaN,NaN,NaN,NaN,NaN,NaN,NaN,NaN,NaN,NaN,NaN,NaN
030T,"[29, 101, 22, 65, 49, 36, 110, 408, 0, 0, 0, 0]",580,762,820,580,762,820,0,0,0,0.7073170731707317,0.9292682926829269,0.7073170731707317,0.9292682926829269,0.0,0.0,0.7073170731707317,NaN,0.9292682926829269,NaN,0.7073170731707317,0.9292682926829269
021U,"[0, 0, 0, 0, 0, 0, 0, 0, 0, 0, 0, 0]",0,0,0,0,0,0,0,0,0,NaN,NaN,NaN,NaN,NaN,NaN,NaN,NaN,NaN,NaN,NaN,NaN
300,"[9, 21, 13, 48, 13, 48, 56, 2072, 3, 13, 56, 688]",335,4,380,335,336,2280,335,21,760,0.881578947368421,0.010526315789473684,0.881578947368421,0.8842105263157894,0.881578947368421,0.05526315789473684,0.9293859649122806,0.9223684210526316,0.9732456140350877,0.09078947368421053,0.9276315789473685,0.7526315789473684
102,"[0, 0, 0, 0, 0, 0, 0, 0, 0, 0, 0, 0]",0,0,0,0,0,0,0,0,0,NaN,NaN,NaN,NaN,NaN,NaN,NaN,NaN,NaN,NaN,NaN,NaN
021C,"[0, 0, 0, 0, 0, 0, 0, 0, 0, 0, 0, 0]",0,0,0,0,0,0,0,0,0,NaN,NaN,NaN,NaN,NaN,NaN,NaN,NaN,NaN,NaN,NaN,NaN
120U,"[49, 37, 28, 49, 101, 107, 116, 1007, 0, 0, 0, 0]",560,615,747,560,615,1494,0,0,0,0.749665327978581,0.8232931726907631,0.749665327978581,0.8232931726907631,0.0,0.0,0.785140562248996,NaN,0.9096385542168675,NaN,0.785140562248996,0.9096385542168675
