triad,n_arr,n_bal,n_hier,n_tot,n_trans_bal,n_trans_hier,n_trans_tot,n_cyclic_bal,n_cyclic_hier,n_cyclic_tot,per_bal,per_hier,per_trans_bal,per_trans_hier,per_cyclic_bal,per_cyclic_hier,per_trans_bal_sep,per_cyclic_bal_sep,per_trans_hier_sep,per_cyclic_hier_sep,per_bal_sep,per_hier_sep
030C,"[0, 0, 0, 0, 0, 0, 0, 0, 1, 8, 33, 34]",42,41,76,0,0,0,42,41,76,0.5526315789473685,0.5394736842105263,0.0,0.0,0.5526315789473685,0.5394736842105263,NaN,0.5526315789473685,NaN,0.5394736842105263,0.5526315789473685,0.5394736842105263
111U,"[0, 0, 0, 0, 0, 0, 0, 0, 0, 0, 0, 0]",0,0,0,0,0,0,0,0,0,NaN,NaN,NaN,NaN,NaN,NaN,NaN,NaN,NaN,NaN,NaN,NaN
120D,"[17, 503, 14, 107, 10, 111, 49, 1379, 0, 0, 0, 0]",915,981,1095,915,981,2190,0,0,0,0.8356164383561644,0.8958904109589041,0.8356164383561644,0.8958904109589041,0.0,0.0,0.8703196347031964,NaN,0.9429223744292238,NaN,0.8703196347031964,0.9429223744292238
120C,"[4, 17, 11, 63, 7, 12, 79, 362, 1, 27, 173, 354]",366,186,555,397,532,555,381,200,555,0.6594594594594595,0.33513513513513515,0.7153153153153153,0.9585585585585585,0.6864864864864865,0.36036036036036034,0.7153153153153153,0.6864864864864865,0.9585585585585585,0.36036036036036034,0.7009009009009008,0.6594594594594594
201,"[0, 0, 0, 0, 0, 0, 0, 0, 0, 0, 0, 0]",0,0,0,0,0,0,0,0,0,NaN,NaN,NaN,NaN,NaN,NaN,NaN,NaN,NaN,NaN,NaN,NaN
111D,"[0, 0, 0, 0, 0, 0, 0, 0, 0, 0, 0, 0]",0,0,0,0,0,0,0,0,0,NaN,NaN,NaN,NaN,NaN,NaN,NaN,NaN,NaN,NaN,NaN,NaN
210,"[8, 77, 33, 376, 79, 269, 330, 5044, 1, 46, 416, 1609]",1552,250,2072,1552,1783,6216,1655,462,2072,0.749034749034749,0.12065637065637065,0.749034749034749,0.8605212355212355,0.7987451737451737,0.22297297297297297,0.8418597168597168,0.7987451737451737,0.9514157014157014,0.22297297297297297,0.831081081081081,0.7693050193050193
003,"[0, 0, 0, 0, 0, 0, 0, 0, 0, 0, 0, 0]",0,0,0,0,0,0,0,0,0,NaN,NaN,NaN,NaN,NaN,NaN,NaN,NaN,NaN,NaN,NaN,NaN
012,"[0, 0, 0, 0, 0, 0, 0, 0, 0, 0, 0, 0]",0,0,0,0,0,0,0,0,0,NaN,NaN,NaN,NaN,NaN,NaN,NaN,NaN,NaN,NaN,NaN,NaN
021D,"[0, 0, 0, 0, 0, 0, 0, 0, 0, 0, 0, 0]",0,0,0,0,0,0,0,0,0,NaN,NaN,NaN,NaN,NaN,NaN,NaN,NaN,NaN,NaN,NaN,NaN
030T,"[24, 235, 15, 166, 36, 150, 142, 1486, 0, 0, 0, 0]",1772,2089,2254,1772,2089,2254,0,0,0,0.7861579414374446,0.9267968056787933,0.7861579414374446,0.9267968056787933,0.0,0.0,0.7861579414374446,NaN,0.9267968056787933,NaN,0.7861579414374446,0.9267968056787933
021U,"[0, 0, 0, 0, 0, 0, 0, 0, 0, 0, 0, 0]",0,0,0,0,0,0,0,0,0,NaN,NaN,NaN,NaN,NaN,NaN,NaN,NaN,NaN,NaN,NaN,NaN
300,"[2, 64, 14, 291, 28, 277, 327, 7595, 0, 16, 339, 2511]",1140,35,1433,1140,1174,8598,1144,61,2866,0.7955338450802513,0.024424284717376135,0.7955338450802513,0.8192602930914166,0.7983251919050942,0.04256803907885555,0.8956734124214933,0.8817166782972784,0.9661549197487788,0.12386601535240754,0.8921842288904397,0.755582693649686
102,"[0, 0, 0, 0, 0, 0, 0, 0, 0, 0, 0, 0]",0,0,0,0,0,0,0,0,0,NaN,NaN,NaN,NaN,NaN,NaN,NaN,NaN,NaN,NaN,NaN,NaN
021C,"[0, 0, 0, 0, 0, 0, 0, 0, 0, 0, 0, 0]",0,0,0,0,0,0,0,0,0,NaN,NaN,NaN,NaN,NaN,NaN,NaN,NaN,NaN,NaN,NaN,NaN
120U,"[8, 92, 24, 190, 80, 236, 304, 3618, 0, 0, 0, 0]",1794,2022,2276,1794,2022,4552,0,0,0,0.7882249560632689,0.8884007029876977,0.7882249560632689,0.8884007029876977,0.0,0.0,0.8378734622144113,NaN,0.9428822495606327,NaN,0.8378734622144113,0.9428822495606327
