triad,n_arr,n_bal,n_hier,n_tot,n_trans_bal,n_trans_hier,n_trans_tot,n_cyclic_bal,n_cyclic_hier,n_cyclic_tot,per_bal,per_hier,per_trans_bal,per_trans_hier,per_cyclic_bal,per_cyclic_hier,per_trans_bal_sep,per_cyclic_bal_sep,per_trans_hier_sep,per_cyclic_hier_sep,per_bal_sep,per_hier_sep
030C,"[0, 0, 0, 0, 0, 0, 0, 0, 3, 11, 2, 0]",11,13,16,0,0,0,11,13,16,0.6875,0.8125,0.0,0.0,0.6875,0.8125,NaN,0.6875,NaN,0.8125,0.6875,0.8125
111U,"[0, 0, 0, 0, 0, 0, 0, 0, 0, 0, 0, 0]",0,0,0,0,0,0,0,0,0,NaN,NaN,NaN,NaN,NaN,NaN,NaN,NaN,NaN,NaN,NaN,NaN
120D,"[21, 67, 20, 13, 23, 10, 0, 64, 0, 0, 0, 0]",83,79,109,83,79,218,0,0,0,0.7614678899082569,0.7247706422018348,0.7614678899082569,0.7247706422018348,0.0,0.0,0.7981651376146789,NaN,0.8623853211009174,NaN,0.7981651376146789,0.8623853211009174
120C,"[8, 5, 23, 11, 31, 3, 30, 13, 7, 62, 47, 8]",64,84,124,72,98,124,70,109,124,0.5161290322580645,0.6774193548387096,0.5806451612903226,0.7903225806451613,0.5645161290322581,0.8790322580645161,0.5806451612903226,0.5645161290322581,0.7903225806451613,0.8790322580645161,0.5725806451612904,0.8346774193548387
201,"[0, 0, 0, 0, 0, 0, 0, 0, 0, 0, 0, 0]",0,0,0,0,0,0,0,0,0,NaN,NaN,NaN,NaN,NaN,NaN,NaN,NaN,NaN,NaN,NaN,NaN
111D,"[0, 0, 0, 0, 0, 0, 0, 0, 0, 0, 0, 0]",0,0,0,0,0,0,0,0,0,NaN,NaN,NaN,NaN,NaN,NaN,NaN,NaN,NaN,NaN,NaN,NaN
210,"[57, 107, 118, 56, 157, 54, 68, 478, 12, 131, 65, 157]",265,34,365,265,197,1095,288,196,365,0.726027397260274,0.09315068493150686,0.726027397260274,0.5397260273972603,0.7890410958904109,0.536986301369863,0.7853881278538812,0.7890410958904109,0.8429223744292238,0.536986301369863,0.7863013698630137,0.7664383561643835
003,"[0, 0, 0, 0, 0, 0, 0, 0, 0, 0, 0, 0]",0,0,0,0,0,0,0,0,0,NaN,NaN,NaN,NaN,NaN,NaN,NaN,NaN,NaN,NaN,NaN,NaN
012,"[0, 0, 0, 0, 0, 0, 0, 0, 0, 0, 0, 0]",0,0,0,0,0,0,0,0,0,NaN,NaN,NaN,NaN,NaN,NaN,NaN,NaN,NaN,NaN,NaN,NaN
021D,"[0, 0, 0, 0, 0, 0, 0, 0, 0, 0, 0, 0]",0,0,0,0,0,0,0,0,0,NaN,NaN,NaN,NaN,NaN,NaN,NaN,NaN,NaN,NaN,NaN,NaN
030T,"[23, 10, 7, 7, 54, 3, 14, 15, 0, 0, 0, 0]",86,123,133,86,123,133,0,0,0,0.6466165413533834,0.924812030075188,0.6466165413533834,0.924812030075188,0.0,0.0,0.6466165413533834,NaN,0.924812030075188,NaN,0.6466165413533834,0.924812030075188
021U,"[0, 0, 0, 0, 0, 0, 0, 0, 0, 0, 0, 0]",0,0,0,0,0,0,0,0,0,NaN,NaN,NaN,NaN,NaN,NaN,NaN,NaN,NaN,NaN,NaN,NaN
300,"[9, 67, 73, 49, 81, 41, 35, 815, 3, 73, 43, 271]",162,1,195,162,136,1170,162,56,390,0.8307692307692308,0.005128205128205128,0.8307692307692308,0.6974358974358974,0.8307692307692308,0.28717948717948716,0.8854700854700854,0.882051282051282,0.9025641025641026,0.29743589743589743,0.8846153846153846,0.7512820512820513
102,"[0, 0, 0, 0, 0, 0, 0, 0, 0, 0, 0, 0]",0,0,0,0,0,0,0,0,0,NaN,NaN,NaN,NaN,NaN,NaN,NaN,NaN,NaN,NaN,NaN,NaN
021C,"[0, 0, 0, 0, 0, 0, 0, 0, 0, 0, 0, 0]",0,0,0,0,0,0,0,0,0,NaN,NaN,NaN,NaN,NaN,NaN,NaN,NaN,NaN,NaN,NaN,NaN
120U,"[13, 9, 8, 10, 189, 27, 28, 148, 0, 0, 0, 0]",175,181,216,175,181,432,0,0,0,0.8101851851851852,0.8379629629629629,0.8101851851851852,0.8379629629629629,0.0,0.0,0.8194444444444444,NaN,0.9189814814814815,NaN,0.8194444444444444,0.9189814814814815
