triad,n_arr,n_bal,n_hier,n_tot,n_trans_bal,n_trans_hier,n_trans_tot,n_cyclic_bal,n_cyclic_hier,n_cyclic_tot,per_bal,per_hier,per_trans_bal,per_trans_hier,per_cyclic_bal,per_cyclic_hier,per_trans_bal_sep,per_cyclic_bal_sep,per_trans_hier_sep,per_cyclic_hier_sep,per_bal_sep,per_hier_sep
030C,"[0, 0, 0, 0, 0, 0, 0, 0, 6, 13, 13, 5]",18,26,37,0,0,0,18,26,37,0.4864864864864865,0.7027027027027027,0.0,0.0,0.4864864864864865,0.7027027027027027,NaN,0.4864864864864865,NaN,0.7027027027027027,0.4864864864864865,0.7027027027027026
111U,"[0, 0, 0, 0, 0, 0, 0, 0, 0, 0, 0, 0]",0,0,0,0,0,0,0,0,0,NaN,NaN,NaN,NaN,NaN,NaN,NaN,NaN,NaN,NaN,NaN,NaN
120D,"[17, 353, 6, 33, 4, 35, 8, 444, 0, 0, 0, 0]",395,412,450,395,412,900,0,0,0,0.8777777777777778,0.9155555555555556,0.8777777777777778,0.9155555555555556,0.0,0.0,0.8966666666666666,NaN,0.9544444444444444,NaN,0.8966666666666666,0.9544444444444444
120C,"[2, 8, 18, 22, 6, 2, 37, 91, 1, 32, 68, 85]",113,80,186,123,166,186,117,100,186,0.6075268817204301,0.43010752688172044,0.6612903225806451,0.8924731182795699,0.6290322580645161,0.5376344086021505,0.6612903225806451,0.6290322580645161,0.8924731182795699,0.5376344086021505,0.6451612903225806,0.7150537634408602
201,"[0, 0, 0, 0, 0, 0, 0, 0, 0, 0, 0, 0]",0,0,0,0,0,0,0,0,0,NaN,NaN,NaN,NaN,NaN,NaN,NaN,NaN,NaN,NaN,NaN,NaN
111D,"[0, 0, 0, 0, 0, 0, 0, 0, 0, 0, 0, 0]",0,0,0,0,0,0,0,0,0,NaN,NaN,NaN,NaN,NaN,NaN,NaN,NaN,NaN,NaN,NaN,NaN
210,"[6, 72, 31, 100, 21, 76, 107, 1024, 2, 35, 123, 319]",325,76,479,325,380,1437,354,158,479,0.6784968684759917,0.15866388308977036,0.6784968684759917,0.7933194154488518,0.7390396659707724,0.3298538622129436,0.7988865692414753,0.7390396659707724,0.9255393180236604,0.3298538622129436,0.7839248434237995,0.7766179540709812
003,"[0, 0, 0, 0, 0, 0, 0, 0, 0, 0, 0, 0]",0,0,0,0,0,0,0,0,0,NaN,NaN,NaN,NaN,NaN,NaN,NaN,NaN,NaN,NaN,NaN,NaN
012,"[0, 0, 0, 0, 0, 0, 0, 0, 0, 0, 0, 0]",0,0,0,0,0,0,0,0,0,NaN,NaN,NaN,NaN,NaN,NaN,NaN,NaN,NaN,NaN,NaN,NaN
021D,"[0, 0, 0, 0, 0, 0, 0, 0, 0, 0, 0, 0]",0,0,0,0,0,0,0,0,0,NaN,NaN,NaN,NaN,NaN,NaN,NaN,NaN,NaN,NaN,NaN,NaN
030T,"[55, 172, 27, 42, 58, 51, 63, 273, 0, 0, 0, 0]",530,663,741,530,663,741,0,0,0,0.7152496626180836,0.8947368421052632,0.7152496626180836,0.8947368421052632,0.0,0.0,0.7152496626180836,NaN,0.8947368421052632,NaN,0.7152496626180836,0.8947368421052632
021U,"[0, 0, 0, 0, 0, 0, 0, 0, 0, 0, 0, 0]",0,0,0,0,0,0,0,0,0,NaN,NaN,NaN,NaN,NaN,NaN,NaN,NaN,NaN,NaN,NaN,NaN
300,"[3, 21, 9, 46, 15, 40, 52, 1152, 0, 12, 55, 379]",180,9,223,180,186,1338,181,21,446,0.8071748878923767,0.04035874439461883,0.8071748878923767,0.8340807174887892,0.8116591928251121,0.09417040358744394,0.8946188340807175,0.8766816143497758,0.9633781763826607,0.15022421524663676,0.8901345291479821,0.7600896860986547
102,"[0, 0, 0, 0, 0, 0, 0, 0, 0, 0, 0, 0]",0,0,0,0,0,0,0,0,0,NaN,NaN,NaN,NaN,NaN,NaN,NaN,NaN,NaN,NaN,NaN,NaN
021C,"[0, 0, 0, 0, 0, 0, 0, 0, 0, 0, 0, 0]",0,0,0,0,0,0,0,0,0,NaN,NaN,NaN,NaN,NaN,NaN,NaN,NaN,NaN,NaN,NaN,NaN
120U,"[6, 46, 18, 42, 104, 101, 129, 656, 0, 0, 0, 0]",372,441,551,372,441,1102,0,0,0,0.6751361161524501,0.8003629764065335,0.6751361161524501,0.8003629764065335,0.0,0.0,0.7477313974591652,NaN,0.8920145190562614,NaN,0.7477313974591652,0.8920145190562614
