triad,n_arr,n_bal,n_hier,n_tot,n_trans_bal,n_trans_hier,n_trans_tot,n_cyclic_bal,n_cyclic_hier,n_cyclic_tot,per_bal,per_hier,per_trans_bal,per_trans_hier,per_cyclic_bal,per_cyclic_hier,per_trans_bal_sep,per_cyclic_bal_sep,per_trans_hier_sep,per_cyclic_hier_sep,per_bal_sep,per_hier_sep
030C,"[0, 0, 0, 0, 0, 0, 0, 0, 0, 31, 32, 13]",44,63,76,0,0,0,44,63,76,0.5789473684210527,0.8289473684210527,0.0,0.0,0.5789473684210527,0.8289473684210527,NaN,0.5789473684210527,NaN,0.8289473684210527,0.5789473684210527,0.8289473684210527
111U,"[0, 0, 0, 0, 0, 0, 0, 0, 0, 0, 0, 0]",0,0,0,0,0,0,0,0,0,NaN,NaN,NaN,NaN,NaN,NaN,NaN,NaN,NaN,NaN,NaN,NaN
120D,"[43, 599, 4, 77, 5, 76, 28, 592, 0, 0, 0, 0]",592,633,712,592,633,1424,0,0,0,0.8314606741573034,0.8890449438202247,0.8314606741573034,0.8890449438202247,0.0,0.0,0.8426966292134831,NaN,0.9438202247191011,NaN,0.8426966292134831,0.9438202247191011
120C,"[11, 18, 31, 83, 12, 2, 65, 140, 8, 62, 154, 138]",193,184,362,201,329,362,200,216,362,0.5331491712707183,0.5082872928176796,0.5552486187845304,0.9088397790055248,0.5524861878453039,0.5966850828729282,0.5552486187845304,0.5524861878453039,0.9088397790055248,0.5966850828729282,0.5538674033149171,0.7527624309392265
201,"[0, 0, 0, 0, 0, 0, 0, 0, 0, 0, 0, 0]",0,0,0,0,0,0,0,0,0,NaN,NaN,NaN,NaN,NaN,NaN,NaN,NaN,NaN,NaN,NaN,NaN
111D,"[0, 0, 0, 0, 0, 0, 0, 0, 0, 0, 0, 0]",0,0,0,0,0,0,0,0,0,NaN,NaN,NaN,NaN,NaN,NaN,NaN,NaN,NaN,NaN,NaN,NaN
210,"[2, 55, 34, 113, 48, 113, 142, 2109, 0, 34, 144, 694]",716,43,872,716,727,2616,728,178,872,0.8211009174311926,0.04931192660550459,0.8211009174311926,0.8337155963302753,0.8348623853211009,0.20412844036697247,0.8585626911314985,0.8348623853211009,0.9438073394495413,0.20412844036697247,0.8526376146788991,0.7588876146788991
003,"[0, 0, 0, 0, 0, 0, 0, 0, 0, 0, 0, 0]",0,0,0,0,0,0,0,0,0,NaN,NaN,NaN,NaN,NaN,NaN,NaN,NaN,NaN,NaN,NaN,NaN
012,"[0, 0, 0, 0, 0, 0, 0, 0, 0, 0, 0, 0]",0,0,0,0,0,0,0,0,0,NaN,NaN,NaN,NaN,NaN,NaN,NaN,NaN,NaN,NaN,NaN,NaN
021D,"[0, 0, 0, 0, 0, 0, 0, 0, 0, 0, 0, 0]",0,0,0,0,0,0,0,0,0,NaN,NaN,NaN,NaN,NaN,NaN,NaN,NaN,NaN,NaN,NaN,NaN
030T,"[199, 474, 35, 121, 59, 42, 128, 477, 0, 0, 0, 0]",1045,1458,1535,1045,1458,1535,0,0,0,0.6807817589576547,0.9498371335504886,0.6807817589576547,0.9498371335504886,0.0,0.0,0.6807817589576547,NaN,0.9498371335504886,NaN,0.6807817589576547,0.9498371335504886
021U,"[0, 0, 0, 0, 0, 0, 0, 0, 0, 0, 0, 0]",0,0,0,0,0,0,0,0,0,NaN,NaN,NaN,NaN,NaN,NaN,NaN,NaN,NaN,NaN,NaN,NaN
300,"[0, 12, 11, 57, 16, 52, 53, 2265, 0, 11, 58, 753]",367,3,411,367,367,2466,367,22,822,0.8929440389294404,0.0072992700729927005,0.8929440389294404,0.8929440389294404,0.8929440389294404,0.0535279805352798,0.9343065693430657,0.9294403892944039,0.9744525547445255,0.08394160583941605,0.9330900243309003,0.7518248175182481
102,"[0, 0, 0, 0, 0, 0, 0, 0, 0, 0, 0, 0]",0,0,0,0,0,0,0,0,0,NaN,NaN,NaN,NaN,NaN,NaN,NaN,NaN,NaN,NaN,NaN,NaN
021C,"[0, 0, 0, 0, 0, 0, 0, 0, 0, 0, 0, 0]",0,0,0,0,0,0,0,0,0,NaN,NaN,NaN,NaN,NaN,NaN,NaN,NaN,NaN,NaN,NaN,NaN
120U,"[21, 15, 13, 45, 169, 69, 71, 1297, 0, 0, 0, 0]",734,769,850,734,769,1700,0,0,0,0.8635294117647059,0.9047058823529411,0.8635294117647059,0.9047058823529411,0.0,0.0,0.8788235294117647,NaN,0.951764705882353,NaN,0.8788235294117647,0.951764705882353
