triad,n_arr,n_bal,n_hier,n_tot,n_trans_bal,n_trans_hier,n_trans_tot,n_cyclic_bal,n_cyclic_hier,n_cyclic_tot,per_bal,per_hier,per_trans_bal,per_trans_hier,per_cyclic_bal,per_cyclic_hier,per_trans_bal_sep,per_cyclic_bal_sep,per_trans_hier_sep,per_cyclic_hier_sep,per_bal_sep,per_hier_sep
030C,"[0, 0, 0, 0, 0, 0, 0, 0, 0, 2, 4, 12]",14,6,18,0,0,0,14,6,18,0.7777777777777778,0.3333333333333333,0.0,0.0,0.7777777777777778,0.3333333333333333,NaN,0.7777777777777778,NaN,0.3333333333333333,0.7777777777777778,0.33333333333333337
111U,"[0, 0, 0, 0, 0, 0, 0, 0, 0, 0, 0, 0]",0,0,0,0,0,0,0,0,0,NaN,NaN,NaN,NaN,NaN,NaN,NaN,NaN,NaN,NaN,NaN,NaN
120D,"[6, 56, 1, 7, 1, 7, 8, 134, 0, 0, 0, 0]",94,102,110,94,102,220,0,0,0,0.8545454545454545,0.9272727272727272,0.8545454545454545,0.9272727272727272,0.0,0.0,0.8727272727272727,NaN,0.9636363636363636,NaN,0.8727272727272727,0.9636363636363636
120C,"[0, 9, 4, 6, 0, 5, 16, 40, 0, 13, 27, 40]",51,32,80,53,71,80,53,40,80,0.6375,0.4,0.6625,0.8875,0.6625,0.5,0.6625,0.6625,0.8875,0.5,0.6625,0.69375
201,"[0, 0, 0, 0, 0, 0, 0, 0, 0, 0, 0, 0]",0,0,0,0,0,0,0,0,0,NaN,NaN,NaN,NaN,NaN,NaN,NaN,NaN,NaN,NaN,NaN,NaN
111D,"[0, 0, 0, 0, 0, 0, 0, 0, 0, 0, 0, 0]",0,0,0,0,0,0,0,0,0,NaN,NaN,NaN,NaN,NaN,NaN,NaN,NaN,NaN,NaN,NaN,NaN
210,"[0, 15, 11, 27, 8, 31, 37, 522, 0, 11, 33, 173]",165,21,217,165,179,651,184,44,217,0.7603686635944701,0.0967741935483871,0.7603686635944701,0.8248847926267281,0.847926267281106,0.20276497695852536,0.8540706605222734,0.847926267281106,0.935483870967742,0.20276497695852536,0.8525345622119815,0.7523041474654377
003,"[0, 0, 0, 0, 0, 0, 0, 0, 0, 0, 0, 0]",0,0,0,0,0,0,0,0,0,NaN,NaN,NaN,NaN,NaN,NaN,NaN,NaN,NaN,NaN,NaN,NaN
012,"[0, 0, 0, 0, 0, 0, 0, 0, 0, 0, 0, 0]",0,0,0,0,0,0,0,0,0,NaN,NaN,NaN,NaN,NaN,NaN,NaN,NaN,NaN,NaN,NaN,NaN
021D,"[0, 0, 0, 0, 0, 0, 0, 0, 0, 0, 0, 0]",0,0,0,0,0,0,0,0,0,NaN,NaN,NaN,NaN,NaN,NaN,NaN,NaN,NaN,NaN,NaN,NaN
030T,"[2, 20, 4, 9, 3, 13, 27, 124, 0, 0, 0, 0]",151,185,202,151,185,202,0,0,0,0.7475247524752475,0.9158415841584159,0.7475247524752475,0.9158415841584159,0.0,0.0,0.7475247524752475,NaN,0.9158415841584159,NaN,0.7475247524752475,0.9158415841584159
021U,"[0, 0, 0, 0, 0, 0, 0, 0, 0, 0, 0, 0]",0,0,0,0,0,0,0,0,0,NaN,NaN,NaN,NaN,NaN,NaN,NaN,NaN,NaN,NaN,NaN,NaN
300,"[0, 2, 2, 6, 2, 6, 6, 612, 0, 2, 6, 204]",101,0,106,101,100,636,101,2,212,0.9528301886792453,0.0,0.9528301886792453,0.9433962264150944,0.9528301886792453,0.018867924528301886,0.9716981132075472,0.9716981132075472,0.9874213836477987,0.03773584905660377,0.9716981132075472,0.75
102,"[0, 0, 0, 0, 0, 0, 0, 0, 0, 0, 0, 0]",0,0,0,0,0,0,0,0,0,NaN,NaN,NaN,NaN,NaN,NaN,NaN,NaN,NaN,NaN,NaN,NaN
021C,"[0, 0, 0, 0, 0, 0, 0, 0, 0, 0, 0, 0]",0,0,0,0,0,0,0,0,0,NaN,NaN,NaN,NaN,NaN,NaN,NaN,NaN,NaN,NaN,NaN,NaN
120U,"[3, 7, 2, 10, 39, 37, 42, 284, 0, 0, 0, 0]",161,173,212,161,173,424,0,0,0,0.7594339622641509,0.8160377358490566,0.7594339622641509,0.8160377358490566,0.0,0.0,0.7830188679245284,NaN,0.9080188679245284,NaN,0.7830188679245284,0.9080188679245284
