triad,n_arr,n_bal,n_hier,n_tot,n_trans_bal,n_trans_hier,n_trans_tot,n_cyclic_bal,n_cyclic_hier,n_cyclic_tot,per_bal,per_hier,per_trans_bal,per_trans_hier,per_cyclic_bal,per_cyclic_hier,per_trans_bal_sep,per_cyclic_bal_sep,per_trans_hier_sep,per_cyclic_hier_sep,per_bal_sep,per_hier_sep
030C,"[0, 0, 0, 0, 0, 0, 0, 0, 11, 50, 17, 7]",57,67,85,0,0,0,57,67,85,0.6705882352941176,0.788235294117647,0.0,0.0,0.6705882352941176,0.788235294117647,NaN,0.6705882352941176,NaN,0.788235294117647,0.6705882352941176,0.788235294117647
111U,"[0, 0, 0, 0, 0, 0, 0, 0, 0, 0, 0, 0]",0,0,0,0,0,0,0,0,0,NaN,NaN,NaN,NaN,NaN,NaN,NaN,NaN,NaN,NaN,NaN,NaN
120D,"[180, 1298, 33, 118, 48, 103, 53, 373, 0, 0, 0, 0]",819,973,1103,819,973,2206,0,0,0,0.742520398912058,0.8821396192203083,0.742520398912058,0.8821396192203083,0.0,0.0,0.7941976427923844,NaN,0.9383499546690843,NaN,0.7941976427923844,0.9383499546690843
120C,"[44, 59, 77, 49, 27, 11, 57, 90, 33, 174, 122, 85]",241,209,414,253,326,414,259,296,414,0.5821256038647343,0.5048309178743962,0.6111111111111112,0.7874396135265701,0.6256038647342995,0.714975845410628,0.6111111111111112,0.6256038647342995,0.78743961352657,0.714975845410628,0.6183574879227053,0.751207729468599
201,"[0, 0, 0, 0, 0, 0, 0, 0, 0, 0, 0, 0]",0,0,0,0,0,0,0,0,0,NaN,NaN,NaN,NaN,NaN,NaN,NaN,NaN,NaN,NaN,NaN,NaN
111D,"[0, 0, 0, 0, 0, 0, 0, 0, 0, 0, 0, 0]",0,0,0,0,0,0,0,0,0,NaN,NaN,NaN,NaN,NaN,NaN,NaN,NaN,NaN,NaN,NaN,NaN
210,"[45, 155, 108, 134, 72, 124, 160, 1128, 12, 113, 169, 348]",438,68,642,438,417,1926,461,282,642,0.6822429906542056,0.1059190031152648,0.6822429906542056,0.6495327102803738,0.7180685358255452,0.4392523364485981,0.7596053997923157,0.7180685358255452,0.8795430944963656,0.4392523364485981,0.7492211838006231,0.7694704049844237
003,"[0, 0, 0, 0, 0, 0, 0, 0, 0, 0, 0, 0]",0,0,0,0,0,0,0,0,0,NaN,NaN,NaN,NaN,NaN,NaN,NaN,NaN,NaN,NaN,NaN,NaN
012,"[0, 0, 0, 0, 0, 0, 0, 0, 0, 0, 0, 0]",0,0,0,0,0,0,0,0,0,NaN,NaN,NaN,NaN,NaN,NaN,NaN,NaN,NaN,NaN,NaN,NaN
021D,"[0, 0, 0, 0, 0, 0, 0, 0, 0, 0, 0, 0]",0,0,0,0,0,0,0,0,0,NaN,NaN,NaN,NaN,NaN,NaN,NaN,NaN,NaN,NaN,NaN,NaN
030T,"[653, 833, 96, 102, 239, 108, 111, 372, 0, 0, 0, 0]",1540,2310,2514,1540,2310,2514,0,0,0,0.6125696101829753,0.918854415274463,0.6125696101829753,0.918854415274463,0.0,0.0,0.6125696101829753,NaN,0.918854415274463,NaN,0.6125696101829753,0.918854415274463
021U,"[0, 0, 0, 0, 0, 0, 0, 0, 0, 0, 0, 0]",0,0,0,0,0,0,0,0,0,NaN,NaN,NaN,NaN,NaN,NaN,NaN,NaN,NaN,NaN,NaN,NaN
300,"[1, 23, 14, 68, 19, 63, 72, 1048, 0, 15, 76, 345]",160,7,218,160,162,1308,160,28,436,0.7339449541284404,0.03211009174311927,0.7339449541284404,0.7431192660550459,0.7339449541284404,0.12844036697247707,0.8440366972477065,0.8256880733944955,0.941131498470948,0.20871559633027523,0.8394495412844036,0.7580275229357798
102,"[0, 0, 0, 0, 0, 0, 0, 0, 0, 0, 0, 0]",0,0,0,0,0,0,0,0,0,NaN,NaN,NaN,NaN,NaN,NaN,NaN,NaN,NaN,NaN,NaN,NaN
021C,"[0, 0, 0, 0, 0, 0, 0, 0, 0, 0, 0, 0]",0,0,0,0,0,0,0,0,0,NaN,NaN,NaN,NaN,NaN,NaN,NaN,NaN,NaN,NaN,NaN,NaN
120U,"[87, 84, 65, 28, 193, 72, 91, 576, 0, 0, 0, 0]",440,461,598,440,461,1196,0,0,0,0.7357859531772575,0.7709030100334449,0.7357859531772575,0.7709030100334449,0.0,0.0,0.7675585284280937,NaN,0.8854515050167224,NaN,0.7675585284280937,0.8854515050167224
